Year,Zip Code,County,Total Beneficiaries,Dual Eligible Beneficiaries,Non Dual Beneficiaries,Child Beneficiaries,Adult Beneficiaries,Dual Beneficiaries Admitted,Total Dual Admissions,Non Dual Beneficiaries Admitted,Total Non Dual Admissions,Total Beneficiaries Admitted,Total Admissions,Dual Beneficiaries ER ,Dual Beneficiaries ER Visits,Non Dual Beneficiaries ER,Non Dual Beneficiaries ER Visits,Total Beneficiaries ER,Total ER Visits
2012,06390,Suffolk,4,1,3,1,3,1,1,0,0,1,1,0,0,0,0,0,0
2012,10001,New York,10704,2478,8226,1065,9639,547,917,1712,4774,2259,5691,605,1391,2594,9013,3199,10404
2012,10002,New York,58639,10748,47891,13857,44782,1506,1970,3632,5298,5138,7268,1173,2083,6571,12674,7744,14757
2012,10003,New York,4668,1163,3505,598,4070,190,306,595,1630,785,1936,155,328,1002,2810,1157,3138
2012,10004,New York,635,268,367,36,599,47,70,92,206,139,276,85,255,134,372,219,627
2012,10005,New York,1052,66,986,123,929,27,42,267,611,294,653,18,48,400,1216,418,1264
2012,10006,New York,100,14,86,20,80,1,1,9,14,10,15,5,12,16,38,21,50
2012,10007,New York,620,264,356,63,557,59,76,45,96,104,172,49,98,68,176,117,274
2012,10008,New York,86,19,67,20,66,2,3,10,17,12,20,1,1,17,26,18,27
2012,10009,New York,18105,4246,13859,4029,14076,796,1083,1386,2462,2182,3545,762,1469,4451,10083,5213,11552
2012,10010,New York,2457,651,1806,528,1929,119,160,208,448,327,608,111,184,484,963,595,1147
2012,10011,New York,5352,1527,3825,949,4403,257,325,441,833,698,1158,270,478,1064,2389,1334,2867
2012,10012,New York,2808,778,2030,444,2364,120,171,153,258,273,429,65,98,270,670,335,768
2012,10013,New York,9752,2161,7591,1724,8028,302,410,599,1188,901,1598,173,452,686,1941,859,2393
2012,10014,New York,1779,670,1109,174,1605,140,228,163,307,303,535,130,296,291,686,421,982
2012,10015,New York,6,3,3,0,6,0,0,0,0,0,0,0,0,2,3,2,3
2012,10016,New York,5719,1336,4383,901,4818,224,357,616,1265,840,1622,208,411,1376,3764,1584,4175
2012,10017,New York,669,193,476,86,583,28,38,81,136,109,174,22,60,116,340,138,400
2012,10018,New York,2802,653,2149,214,2588,166,244,356,955,522,1199,155,382,661,1759,816,2141
2012,10019,New York,6256,1767,4489,1279,4977,268,344,546,1003,814,1347,273,538,1356,3254,1629,3792
2012,10020,New York,34,8,26,10,24,1,1,0,0,1,1,3,8,9,14,12,22
2012,10021,New York,2278,1026,1252,261,2017,161,235,161,473,322,708,126,245,306,776,432,1021
2012,10022,New York,1055,383,672,136,919,46,68,98,164,144,232,60,99,180,376,240,475
2012,10023,New York,5683,1393,4290,904,4779,229,323,570,1180,799,1503,206,347,1410,3577,1616,3924
2012,10024,New York,5414,2098,3316,863,4551,404,528,379,665,783,1193,305,543,961,2088,1266,2631
2012,10025,New York,20428,5744,14684,4429,15999,1159,1598,1744,3269,2903,4867,1050,1996,5059,11824,6109,13820
2012,10026,New York,15580,2136,13444,4636,10944,406,614,1433,2384,1839,2998,500,935,4698,10026,5198,10961
2012,10027,New York,25963,3531,22432,8037,17926,729,1096,2569,4334,3298,5430,811,1714,8185,17977,8996,19691
2012,10028,New York,1866,552,1314,284,1582,82,105,165,298,247,403,78,138,328,759,406,897
2012,10029,New York,42668,7066,35602,13982,28686,1527,2157,4098,6857,5625,9014,1431,2805,12700,27353,14131,30158
2012,10030,New York,15192,1801,13391,5009,10183,356,511,1532,2472,1888,2983,421,830,4844,10109,5265,10939
2012,10031,New York,31612,4667,26945,9490,22122,800,1056,2510,3721,3310,4777,878,1372,7761,14904,8639,16276
2012,10032,New York,34877,6336,28541,9366,25511,1084,1490,2665,3814,3749,5304,999,1610,7785,14405,8784,16015
2012,10033,New York,30366,5198,25168,8130,22236,815,1010,2079,2867,2894,3877,692,997,6164,10730,6856,11727
2012,10034,New York,22861,3286,19575,6597,16264,510,663,1624,2196,2134,2859,500,758,5090,8776,5590,9534
2012,10035,New York,22533,3602,18931,6225,16308,866,1366,2635,5328,3501,6694,768,1789,6605,15106,7373,16895
2012,10036,New York,6251,1581,4670,912,5339,310,509,529,1097,839,1606,306,650,1356,3255,1662,3905
2012,10037,New York,8968,1511,7457,2673,6295,353,490,1027,1971,1380,2461,287,597,2741,6275,3028,6872
2012,10038,New York,9017,2359,6658,2393,6624,363,530,569,1066,932,1596,344,737,1503,3832,1847,4569
2012,10039,New York,15076,1651,13425,5225,9851,335,483,1494,2513,1829,2996,348,671,4543,9164,4891,9835
2012,10040,New York,24460,4420,20040,6505,17955,779,990,1594,2186,2373,3176,594,885,4985,8666,5579,9551
2012,10041,New York,12,0,12,2,10,0,0,0,0,0,0,0,0,3,6,3,6
2012,10043,New York,8,0,8,4,4,0,0,0,0,0,0,0,0,3,4,3,4
2012,10044,New York,2554,901,1653,386,2168,214,325,302,555,516,880,85,135,364,838,449,973
2012,10045,New York,15,2,13,7,8,0,0,1,14,1,14,0,0,4,11,4,11
2012,10046,New York,21,1,20,6,15,0,0,3,4,3,4,0,0,4,5,4,5
2012,10047,New York,4,1,3,3,1,0,0,0,0,0,0,0,0,0,0,0,0
2012,10048,New York,13,0,13,10,3,0,0,1,1,1,1,0,0,2,5,2,5
2012,10055,New York,12,0,12,7,5,0,0,0,0,0,0,0,0,2,2,2,2
2012,10060,New York,5,0,5,4,1,0,0,2,2,2,2,0,0,1,1,1,1
2012,10065,New York,916,261,655,131,785,38,46,81,143,119,189,24,42,158,314,182,356
2012,10069,New York,120,21,99,26,94,2,2,11,11,13,13,3,5,18,35,21,40
2012,10072,New York,5,0,5,2,3,0,0,0,0,0,0,0,0,1,2,1,2
2012,10075,New York,975,448,527,117,858,122,179,63,113,185,292,38,61,108,321,146,382
2012,10079,New York,1,0,1,0,1,0,0,0,0,0,0,0,0,1,1,1,1
2012,10080,New York,1,0,1,0,1,0,0,0,0,0,0,0,0,0,0,0,0
2012,10081,New York,2,0,2,0,2,0,0,0,0,0,0,0,0,1,1,1,1
2012,10082,New York,6,0,6,1,5,0,0,1,1,1,1,0,0,3,7,3,7
2012,10087,New York,2,1,1,0,2,1,3,0,0,1,3,0,0,1,1,1,1
2012,10090,New York,8,0,8,1,7,0,0,2,3,2,3,0,0,3,16,3,16
2012,10094,New York,3,0,3,1,2,0,0,1,2,1,2,0,0,0,0,0,0
2012,10096,New York,10,0,10,6,4,0,0,1,1,1,1,0,0,1,2,1,2
2012,10099,New York,5,0,5,1,4,0,0,1,7,1,7,0,0,2,4,2,4
2012,10101,New York,83,22,61,13,70,5,7,6,7,11,14,5,18,17,42,22,60
2012,10103,New York,1,0,1,0,1,0,0,0,0,0,0,0,0,1,1,1,1
2012,10104,New York,14,0,14,9,5,0,0,2,2,2,2,0,0,1,1,1,1
2012,10107,New York,5,4,1,0,5,0,0,0,0,0,0,0,0,0,0,0,0
2012,10108,New York,102,49,53,5,97,5,7,6,13,11,20,14,28,21,63,35,91
2012,10109,New York,3,0,3,0,3,0,0,0,0,0,0,0,0,0,0,0,0
2012,10112,New York,2,1,1,0,2,0,0,0,0,0,0,0,0,0,0,0,0
2012,10113,New York,73,22,51,5,68,0,0,4,22,4,22,2,2,15,73,17,75
2012,10116,New York,1751,844,907,25,1726,265,421,237,604,502,1025,211,529,417,1250,628,1779
2012,10117,New York,1,0,1,0,1,0,0,0,0,0,0,0,0,0,0,0,0
2012,10118,New York,72,60,12,0,72,5,8,1,2,6,10,20,33,5,6,25,39
2012,10119,New York,5,1,4,0,5,0,0,1,7,1,7,0,0,3,6,3,6
2012,10121,New York,1,0,1,0,1,0,0,0,0,0,0,0,0,0,0,0,0
2012,10122,New York,7,0,7,0,7,0,0,6,14,6,14,0,0,1,2,1,2
2012,10124,New York,1,0,1,0,1,0,0,0,0,0,0,0,0,1,2,1,2
2012,10125,New York,1,0,1,0,1,0,0,0,0,0,0,0,0,0,0,0,0
2012,10126,New York,4,3,1,0,4,1,1,0,0,1,1,0,0,0,0,0,0
2012,10128,New York,4689,1297,3392,987,3702,228,330,344,535,572,865,189,382,924,1886,1113,2268
2012,10129,New York,47,24,23,3,44,2,3,4,6,6,9,6,16,5,10,11,26
2012,10130,New York,1,0,1,0,1,0,0,1,1,1,1,0,0,0,0,0,0
2012,10132,New York,1,1,0,0,1,0,0,0,0,0,0,0,0,0,0,0,0
2012,10133,New York,1,0,1,0,1,0,0,0,0,0,0,0,0,0,0,0,0
2012,10138,New York,286,179,107,3,283,53,70,32,68,85,138,42,71,44,104,86,175
2012,10150,New York,122,35,87,14,108,4,7,9,16,13,23,9,25,15,25,24,50
2012,10151,New York,1,0,1,1,0,0,0,1,1,1,1,0,0,0,0,0,0
2012,10152,New York,1,0,1,0,1,0,0,0,0,0,0,0,0,0,0,0,0
2012,10153,New York,2,0,2,0,2,0,0,0,0,0,0,0,0,0,0,0,0
2012,10154,New York,2,1,1,0,2,1,1,0,0,1,1,0,0,0,0,0,0
2012,10155,New York,1,1,0,0,1,0,0,0,0,0,0,0,0,0,0,0,0
2012,10156,New York,68,28,40,9,59,7,12,6,7,13,19,5,10,21,82,26,92
2012,10157,New York,1,0,1,0,1,0,0,0,0,0,0,0,0,0,0,0,0
2012,10158,New York,4,1,3,0,4,0,0,0,0,0,0,0,0,0,0,0,0
2012,10159,New York,80,34,46,4,76,5,7,9,13,14,20,7,10,15,32,22,42
2012,10160,New York,1,0,1,0,1,0,0,0,0,0,0,0,0,0,0,0,0
2012,10162,New York,32,17,15,7,25,1,1,2,2,3,3,2,4,2,2,4,6
2012,10163,New York,124,39,85,8,116,7,10,6,10,13,20,8,30,18,29,26,59
2012,10165,New York,7,4,3,2,5,1,1,0,0,1,1,0,0,0,0,0,0
2012,10168,New York,9,0,9,3,6,0,0,1,1,1,1,0,0,1,1,1,1
2012,10169,New York,3,0,3,1,2,0,0,0,0,0,0,0,0,1,1,1,1
2012,10170,New York,1,1,0,0,1,1,1,0,0,1,1,0,0,0,0,0,0
2012,10172,New York,1,0,1,0,1,0,0,0,0,0,0,0,0,0,0,0,0
2012,10174,New York,3,1,2,0,3,0,0,0,0,0,0,0,0,1,1,1,1
2012,10175,New York,2,2,0,0,2,0,0,0,0,0,0,0,0,0,0,0,0
2012,10177,New York,3,1,2,0,3,0,0,0,0,0,0,0,0,1,1,1,1
2012,10185,New York,46,24,22,2,44,2,11,3,5,5,16,2,4,9,15,11,19
2012,10199,New York,2,0,2,0,2,0,0,0,0,0,0,0,0,1,4,1,4
2012,10200,,2,0,2,1,1,0,0,2,2,2,2,0,0,0,0,0,0
2012,10203,New York,10,0,10,10,0,0,0,0,0,0,0,0,0,7,11,7,11
2012,10212,New York,1,0,1,0,1,0,0,0,0,0,0,0,0,0,0,0,0
2012,10257,New York,1,0,1,0,1,0,0,0,0,0,0,0,0,0,0,0,0
2012,10268,New York,100,4,96,63,37,2,3,15,16,17,19,2,3,35,86,37,89
2012,10272,New York,214,103,111,11,203,29,52,14,29,43,81,47,97,40,84,87,181
2012,10274,New York,23,5,18,2,21,1,1,1,1,2,2,0,0,3,11,3,11
2012,10276,New York,69,25,44,7,62,5,6,2,2,7,8,5,12,12,20,17,32
2012,10278,New York,1,1,0,0,1,1,1,0,0,1,1,1,2,0,0,1,2
2012,10279,New York,1,0,1,0,1,0,0,0,0,0,0,0,0,1,4,1,4
2012,10280,New York,408,74,334,98,310,8,11,32,47,40,58,6,12,52,87,58,99
2012,10281,New York,1,0,1,1,0,0,0,0,0,0,0,0,0,0,0,0,0
2012,10282,New York,193,44,149,47,146,3,4,10,13,13,17,7,10,11,16,18,26
2012,10286,New York,2,0,2,0,2,0,0,0,0,0,0,0,0,2,2,2,2
2012,10292,New York,1,0,1,0,1,0,0,0,0,0,0,0,0,1,2,1,2
2012,10301,Richmond,14853,2328,12525,5399,9454,572,882,1506,2326,2078,3208,558,1263,4075,8514,4633,9777
2012,10302,Richmond,7287,677,6610,3437,3850,135,195,789,1131,924,1326,145,311,2120,4042,2265,4353
2012,10303,Richmond,12102,989,11113,5007,7095,202,317,1172,1627,1374,1944,221,428,3461,6592,3682,7020
2012,10304,Richmond,19171,2446,16725,7131,12040,491,684,1822,2933,2313,3617,394,781,4953,9608,5347,10389
2012,10305,Richmond,12795,2061,10734,3797,8998,382,532,1180,1871,1562,2403,337,598,2700,5443,3037,6041
2012,10306,Richmond,12123,2237,9886,3260,8863,416,535,951,1408,1367,1943,288,507,2324,4306,2612,4813
2012,10307,Richmond,2086,279,1807,624,1462,51,73,183,275,234,348,41,65,445,783,486,848
2012,10308,Richmond,4065,614,3451,1047,3018,102,132,313,476,415,608,68,129,746,1242,814,1371
2012,10309,Richmond,4955,724,4231,1384,3571,108,142,380,671,488,813,112,208,961,1762,1073,1970
2012,10310,Richmond,9201,889,8312,3898,5303,150,209,989,1531,1139,1740,190,394,2862,5798,3052,6192
2012,10311,Richmond,1,0,1,0,1,0,0,0,0,0,0,0,0,1,1,1,1
2012,10312,Richmond,8769,1252,7517,2337,6432,174,264,640,989,814,1253,133,240,1532,2650,1665,2890
2012,10313,Richmond,19,3,16,2,17,1,1,2,2,3,3,0,0,4,13,4,13
2012,10314,Richmond,20714,3492,17222,6080,14634,580,768,1532,2206,2112,2974,409,704,3523,6089,3932,6793
2012,10451,Bronx,32538,3931,28607,11427,21111,818,1146,3322,5236,4140,6382,700,1230,9210,18218,9910,19448
2012,10452,Bronx,57689,5394,52295,21646,36043,1060,1440,5626,8402,6686,9842,946,1468,15718,29328,16664,30796
2012,10453,Bronx,60765,5521,55244,21935,38830,1054,1502,5901,8658,6955,10160,963,1637,15943,29505,16906,31142
2012,10454,Bronx,29695,3405,26290,11360,18335,698,1004,3105,4926,3803,5930,640,1153,8651,17199,9291,18352
2012,10455,Bronx,30224,3262,26962,11360,18864,653,959,3240,5413,3893,6372,644,1103,8889,17890,9533,18993
2012,10456,Bronx,67293,6810,60483,24906,42387,1590,2372,6889,11098,8479,13470,1243,2146,18941,36372,20184,38518
2012,10457,Bronx,58559,5184,53375,22844,35715,1135,1639,6251,10072,7386,11711,974,1674,17509,34732,18483,36406
2012,10458,Bronx,52882,4906,47976,20386,32496,986,1468,5584,8711,6570,10179,873,1567,15147,30827,16020,32394
2012,10459,Bronx,34209,3793,30416,12574,21635,772,1135,3344,5267,4116,6402,623,1161,8832,16791,9455,17952
2012,10460,Bronx,39828,4258,35570,14938,24890,884,1301,3925,6029,4809,7330,721,1224,10915,21386,11636,22610
2012,10461,Bronx,16521,2369,14152,5104,11417,437,675,1609,2505,2046,3180,339,596,4112,8143,4451,8739
2012,10462,Bronx,36753,4055,32698,12450,24303,745,1034,3235,4475,3980,5509,654,1082,9245,17082,9899,18164
2012,10463,Bronx,25783,4852,20931,7603,18180,1104,1623,2106,3152,3210,4775,763,1211,5663,10348,6426,11559
2012,10464,Bronx,701,166,535,182,519,29,46,53,95,82,141,19,32,144,277,163,309
2012,10465,Bronx,10962,2148,8814,3363,7599,412,570,883,1211,1295,1781,326,498,2476,4676,2802,5174
2012,10466,Bronx,32312,3363,28949,11875,20437,775,1170,3263,4910,4038,6080,687,1190,9885,19516,10572,20706
2012,10467,Bronx,56266,6851,49415,20426,35840,1546,2317,5767,8748,7313,11065,1313,2413,16769,33725,18082,36138
2012,10468,Bronx,50499,5107,45392,17940,32559,923,1247,4783,6848,5706,8095,744,1242,12827,23749,13571,24991
2012,10469,Bronx,27758,4685,23073,9237,18521,1315,2018,2447,3576,3762,5594,768,1288,6859,13056,7627,14344
2012,10470,Bronx,4958,498,4460,1845,3113,82,131,531,791,613,922,79,133,1391,2841,1470,2974
2012,10471,Bronx,4271,1805,2466,765,3506,424,578,278,424,702,1002,208,343,594,1061,802,1404
2012,10472,Bronx,44540,4503,40037,17838,26702,899,1312,4159,5948,5058,7260,698,1204,11910,22012,12608,23216
2012,10473,Bronx,30191,4117,26074,10167,20024,837,1193,2534,3863,3371,5056,728,1193,7783,14435,8511,15628
2012,10474,Bronx,8423,716,7707,3434,4989,125,189,867,1329,992,1518,122,274,2164,4044,2286,4318
2012,10475,Bronx,10443,2383,8060,2819,7624,539,850,871,1313,1410,2163,342,598,2290,4255,2632,4853
2012,10499,Bronx,2,0,2,1,1,0,0,1,1,1,1,0,0,0,0,0,0
2012,10501,Westchester,71,12,59,23,48,0,0,9,17,9,17,0,0,10,12,10,12
2012,10502,Westchester,318,85,233,61,257,13,14,16,25,29,39,7,17,39,56,46,73
2012,10503,Westchester,21,5,16,6,15,1,1,0,0,1,1,1,2,1,4,2,6
2012,10504,Westchester,199,38,161,55,144,7,10,15,17,22,27,1,1,32,51,33,52
2012,10505,Westchester,92,34,58,29,63,7,8,4,4,11,12,4,7,14,21,18,28
2012,10506,Westchester,128,30,98,50,78,3,3,8,21,11,24,0,0,27,86,27,86
2012,10507,Westchester,910,93,817,439,471,11,11,97,114,108,125,7,10,160,261,167,271
2012,10509,Putnam,1712,492,1220,606,1106,74,103,159,189,233,292,84,147,290,471,374,618
2012,10510,Westchester,342,160,182,44,298,32,39,25,30,57,69,18,66,50,75,68,141
2012,10511,Westchester,284,37,247,119,165,9,14,20,34,29,48,9,14,80,157,89,171
2012,10512,Putnam,1857,450,1407,643,1214,60,81,201,297,261,378,73,143,375,780,448,923
2012,10514,Westchester,279,68,211,72,207,6,8,14,22,20,30,2,2,46,87,48,89
2012,10516,Putnam,263,74,189,81,182,8,9,24,33,32,42,8,13,54,83,62,96
2012,10517,Westchester,71,12,59,23,48,3,7,5,7,8,14,3,5,23,30,26,35
2012,10518,Westchester,28,4,24,11,17,1,2,3,8,4,10,0,0,3,4,3,4
2012,10519,Westchester,50,12,38,16,34,2,2,5,7,7,9,2,2,6,10,8,12
2012,10520,Westchester,974,446,528,193,781,89,106,58,107,147,213,64,106,153,298,217,404
2012,10521,Westchester,11,4,7,1,10,2,4,1,1,3,5,1,5,3,7,4,12
2012,10522,Westchester,1031,340,691,244,787,70,90,53,85,123,175,40,56,192,362,232,418
2012,10523,Westchester,1624,165,1459,652,972,21,32,163,241,184,273,22,45,364,646,386,691
2012,10524,Putnam,401,137,264,63,338,26,32,60,114,86,146,36,64,75,168,111,232
2012,10526,Westchester,110,15,95,32,78,1,3,9,21,10,24,0,0,23,49,23,49
2012,10527,Westchester,23,7,16,6,17,2,2,2,2,4,4,0,0,3,4,3,4
2012,10528,Westchester,906,176,730,247,659,26,45,60,98,86,143,18,40,145,299,163,339
2012,10530,Westchester,831,265,566,184,647,40,51,44,67,84,118,29,57,137,247,166,304
2012,10532,Westchester,478,214,264,104,374,39,58,43,83,82,141,56,119,69,201,125,320
2012,10533,Westchester,375,92,283,85,290,8,12,23,44,31,56,17,50,75,142,92,192
2012,10535,Westchester,143,15,128,62,81,1,4,9,11,10,15,4,4,33,54,37,58
2012,10536,Westchester,339,66,273,98,241,12,13,35,55,47,68,5,6,51,80,56,86
2012,10537,Putnam,239,34,205,81,158,3,4,18,23,21,27,11,19,62,121,73,140
2012,10538,Westchester,589,156,433,144,445,19,23,35,52,54,75,26,38,66,123,92,161
2012,10540,Westchester,74,10,64,33,41,3,4,12,28,15,32,1,13,23,54,24,67
2012,10541,Putnam,1365,278,1087,475,890,30,41,148,190,178,231,42,86,248,465,290,551
2012,10542,Putnam,65,11,54,23,42,2,4,1,1,3,5,4,4,16,23,20,27
2012,10543,Westchester,2743,588,2155,1006,1737,79,124,231,338,310,462,69,129,465,817,534,946
2012,10545,Westchester,240,237,3,0,240,27,30,1,5,28,35,14,15,0,0,14,15
2012,10546,Westchester,47,9,38,9,38,1,1,2,2,3,3,1,5,11,25,12,30
2012,10547,Westchester,1213,325,888,365,848,85,118,108,189,193,307,106,265,306,700,412,965
2012,10548,Westchester,421,177,244,83,338,45,56,28,44,73,100,35,67,65,148,100,215
2012,10549,Westchester,2540,422,2118,1069,1471,68,89,295,383,363,472,53,86,595,964,648,1050
2012,10550,Westchester,17082,2066,15016,6174,10908,397,579,1632,2397,2029,2976,357,757,4341,8514,4698,9271
2012,10551,Westchester,189,56,133,46,143,12,15,20,28,32,43,14,39,50,133,64,172
2012,10552,Westchester,3159,730,2429,925,2234,123,155,275,338,398,493,87,143,579,1021,666,1164
2012,10553,Westchester,2775,318,2457,940,1835,54,81,226,365,280,446,43,91,687,1326,730,1417
2012,10557,Westchester,2,1,1,0,2,0,0,0,0,0,0,0,0,1,2,1,2
2012,10558,Westchester,3,1,2,1,2,0,0,0,0,0,0,0,0,0,0,0,0
2012,10560,Westchester,179,82,97,34,145,10,15,7,10,17,25,15,20,24,29,39,49
2012,10562,Westchester,5488,757,4731,2581,2907,129,173,641,782,770,955,130,237,1332,2216,1462,2453
2012,10566,Westchester,6463,907,5556,2861,3602,167,229,713,951,880,1180,247,647,1957,3962,2204,4609
2012,10567,Westchester,1480,415,1065,442,1038,54,76,100,149,154,225,76,135,326,597,402,732
2012,10570,Westchester,645,124,521,210,435,20,32,62,90,82,122,23,43,133,256,156,299
2012,10571,Westchester,4,0,4,2,2,0,0,2,2,2,2,0,0,1,1,1,1
2012,10572,Westchester,8,0,8,4,4,0,0,0,0,0,0,0,0,2,2,2,2
2012,10573,Westchester,8135,1028,7107,3678,4457,154,192,856,1013,1010,1205,59,86,1481,2266,1540,2352
2012,10576,Westchester,101,30,71,12,89,2,3,8,21,10,24,3,5,17,22,20,27
2012,10577,Westchester,98,36,62,13,85,7,9,10,15,17,24,7,10,12,18,19,28
2012,10578,Westchester,266,201,65,29,237,21,27,8,10,29,37,14,28,11,25,25,53
2012,10579,Putnam,396,77,319,133,263,3,3,39,51,42,54,10,22,89,148,99,170
2012,10580,Westchester,473,125,348,127,346,11,14,32,47,43,61,7,7,62,99,69,106
2012,10583,Westchester,1337,455,882,232,1105,73,96,78,129,151,225,49,88,161,254,210,342
2012,10587,Westchester,41,15,26,8,33,1,1,1,1,2,2,0,0,8,13,8,13
2012,10588,Westchester,234,47,187,80,154,7,9,19,20,26,29,7,14,53,86,60,100
2012,10589,Westchester,456,315,141,41,415,44,51,14,16,58,67,31,55,22,41,53,96
2012,10590,Westchester,174,52,122,34,140,5,7,10,24,15,31,1,1,20,33,21,34
2012,10591,Westchester,4207,804,3403,1463,2744,107,145,345,435,452,580,151,288,885,1520,1036,1808
2012,10594,Westchester,311,69,242,77,234,6,14,28,46,34,60,7,12,67,139,74,151
2012,10595,Westchester,776,246,530,121,655,33,55,103,198,136,253,48,142,207,559,255,701
2012,10596,Westchester,253,52,201,70,183,12,17,28,65,40,82,12,37,68,158,80,195
2012,10597,Westchester,23,3,20,8,15,1,1,1,1,2,2,1,1,3,13,4,14
2012,10598,Westchester,1361,397,964,321,1040,51,72,84,134,135,206,52,94,236,459,288,553
2012,10601,Westchester,2938,520,2418,1032,1906,96,139,279,456,375,595,96,182,848,1848,944,2030
2012,10602,Westchester,142,24,118,51,91,8,11,16,21,24,32,4,11,37,69,41,80
2012,10603,Westchester,3098,513,2585,1169,1929,83,113,302,459,385,572,123,241,770,1498,893,1739
2012,10604,Westchester,1459,208,1251,546,913,30,38,142,201,172,239,37,68,359,602,396,670
2012,10605,Westchester,1988,413,1575,671,1317,53,73,186,293,239,366,65,105,472,937,537,1042
2012,10606,Westchester,3879,688,3191,1634,2245,111,141,401,521,512,662,109,186,891,1576,1000,1762
2012,10607,Westchester,1127,183,944,424,703,24,34,103,145,127,179,40,62,236,410,276,472
2012,10701,Westchester,28600,3733,24867,11232,17368,811,1257,2836,4140,3647,5397,875,1857,8214,16302,9089,18159
2012,10702,Westchester,371,89,282,71,300,17,29,55,112,72,141,21,47,129,334,150,381
2012,10703,Westchester,6267,972,5295,2283,3984,214,314,533,799,747,1113,206,397,1614,3068,1820,3465
2012,10704,Westchester,5270,814,4456,1678,3592,111,168,472,618,583,786,97,150,1106,1921,1203,2071
2012,10705,Westchester,16394,1795,14599,6541,9853,346,464,1536,2095,1882,2559,391,860,4596,8773,4987,9633
2012,10706,Westchester,658,232,426,132,526,60,73,48,77,108,150,35,44,101,188,136,232
2012,10707,Westchester,997,203,794,315,682,41,52,69,94,110,146,27,40,196,311,223,351
2012,10708,Westchester,978,252,726,232,746,30,41,86,110,116,151,22,42,156,254,178,296
2012,10709,Westchester,580,164,416,144,436,17,24,46,60,63,84,16,27,83,129,99,156
2012,10710,Westchester,3533,723,2810,976,2557,118,160,261,376,379,536,99,170,658,1186,757,1356
2012,10801,Westchester,11547,1939,9608,4439,7108,365,533,1051,1345,1416,1878,355,669,2687,4984,3042,5653
2012,10802,Westchester,202,112,90,31,171,31,39,10,14,41,53,15,30,18,26,33,56
2012,10803,Westchester,739,137,602,226,513,23,35,44,55,67,90,14,18,142,245,156,263
2012,10804,Westchester,522,201,321,101,421,15,17,22,32,37,49,15,18,62,88,77,106
2012,10805,Westchester,3772,1047,2725,1142,2630,211,293,290,418,501,711,153,247,649,1142,802,1389
2012,11592,Nassau,9,2,7,5,4,0,0,0,0,0,0,0,0,0,0,0,0
2012,10901,Rockland,2671,708,1963,882,1789,91,124,204,320,295,444,130,306,428,808,558,1114
2012,10910,Orange,2,1,1,0,2,0,0,0,0,0,0,0,0,0,0,0,0
2012,10912,Orange,14,3,11,3,11,0,0,2,3,2,3,0,0,4,4,4,4
2012,10913,Rockland,429,171,258,78,351,22,30,24,37,46,67,21,29,76,133,97,162
2012,10914,Orange,50,10,40,15,35,1,2,1,1,2,3,1,1,9,15,10,16
2012,10915,Orange,80,16,64,23,57,1,1,11,11,12,12,2,8,15,21,17,29
2012,10916,Orange,489,160,329,113,376,38,53,29,49,67,102,44,130,82,160,126,290
2012,10917,Orange,216,14,202,115,101,1,1,31,32,32,33,1,1,29,41,30,42
2012,10918,Orange,1032,154,878,357,675,23,33,81,105,104,138,27,53,180,340,207,393
2012,10919,Orange,123,25,98,35,88,7,10,11,16,18,26,4,4,23,43,27,47
2012,10920,Rockland,943,207,736,276,667,34,49,93,153,127,202,40,73,190,349,230,422
2012,10921,Orange,385,64,321,149,236,6,10,27,51,33,61,13,28,94,143,107,171
2012,10922,Orange,101,8,93,32,69,1,2,12,18,13,20,3,4,16,32,19,36
2012,10923,Rockland,1882,261,1621,658,1224,40,59,203,273,243,332,58,134,391,676,449,810
2012,10924,Orange,1723,710,1013,388,1335,149,187,130,199,279,386,136,333,268,542,404,875
2012,10925,Orange,670,97,573,206,464,12,14,77,122,89,136,21,43,165,354,186,397
2012,10926,Orange,462,61,401,154,308,18,20,41,59,59,79,8,13,65,100,73,113
2012,10927,Rockland,5716,917,4799,2187,3529,190,253,522,694,712,947,184,317,1336,2239,1520,2556
2012,10928,Orange,709,79,630,277,432,7,8,58,92,65,100,18,41,176,350,194,391
2012,10930,Orange,737,69,668,339,398,13,17,54,66,67,83,10,50,114,176,124,226
2012,10931,Rockland,148,14,134,62,86,3,4,14,16,17,20,2,3,44,63,46,66
2012,10932,Orange,41,10,31,11,30,0,0,4,5,4,5,0,0,6,22,6,22
2012,10933,Orange,54,9,45,19,35,2,2,6,6,8,8,4,7,7,19,11,26
2012,10940,Orange,13775,2107,11668,5614,8161,406,568,1406,1911,1812,2479,540,1564,3385,6815,3925,8379
2012,10941,Orange,2210,544,1666,666,1544,85,135,183,235,268,370,171,365,389,776,560,1141
2012,10943,Orange,1,0,1,0,1,0,0,0,0,0,0,0,0,0,0,0,0
2012,10949,Orange,52,28,24,6,46,2,6,4,5,6,11,3,5,4,8,7,13
2012,10950,Orange,21880,559,21321,13201,8679,99,139,2113,2349,2212,2488,83,176,1697,2279,1780,2455
2012,10952,Rockland,22552,889,21663,12730,9822,160,210,2401,2671,2561,2881,165,345,1830,2439,1995,2784
2012,10953,Orange,44,2,42,22,22,0,0,5,9,5,9,0,0,11,17,11,17
2012,10954,Rockland,3508,812,2696,1117,2391,153,198,320,476,473,674,127,235,618,1097,745,1332
2012,10956,Rockland,2835,691,2144,787,2048,140,204,208,293,348,497,107,191,436,696,543,887
2012,10958,Orange,349,45,304,131,218,3,4,35,46,38,50,10,22,68,119,78,141
2012,10959,Orange,5,1,4,0,5,0,0,0,0,0,0,0,0,1,1,1,1
2012,10960,Rockland,2145,348,1797,734,1411,57,81,211,292,268,373,61,114,558,1030,619,1144
2012,10962,Rockland,424,121,303,89,335,21,32,37,67,58,99,18,32,82,165,100,197
2012,10963,Orange,365,61,304,140,225,8,11,32,42,40,53,9,40,88,156,97,196
2012,10964,Rockland,52,13,39,11,41,1,1,5,7,6,8,2,2,7,10,9,12
2012,10965,Rockland,986,165,821,314,672,16,23,90,124,106,147,16,25,173,290,189,315
2012,10968,Rockland,155,22,133,49,106,1,1,21,27,22,28,3,4,32,61,35,65
2012,10969,Orange,153,14,139,64,89,4,6,17,29,21,35,3,5,30,54,33,59
2012,10970,Rockland,2020,464,1556,623,1397,74,140,178,244,252,384,64,111,367,642,431,753
2012,10973,Orange,249,36,213,78,171,4,5,22,28,26,33,9,41,51,84,60,125
2012,10974,Rockland,363,48,315,127,236,13,19,22,36,35,55,8,19,67,143,75,162
2012,10975,Orange,19,3,16,8,11,0,0,4,4,4,4,0,0,6,7,6,7
2012,10976,Rockland,306,166,140,70,236,14,15,11,14,25,29,14,17,23,52,37,69
2012,10977,Rockland,28892,1756,27136,15386,13506,319,460,3244,3826,3563,4286,320,630,4296,6473,4616,7103
2012,10979,Orange,22,4,18,5,17,0,0,1,1,1,1,1,1,5,11,6,12
2012,10980,Rockland,1404,230,1174,452,952,35,55,116,163,151,218,46,66,301,523,347,589
2012,10981,Orange,65,8,57,23,42,0,0,10,11,10,11,0,0,12,20,12,20
2012,10982,Rockland,81,14,67,31,50,1,1,3,4,4,5,6,11,13,18,19,29
2012,10983,Rockland,356,64,292,112,244,5,5,31,44,36,49,5,5,62,85,67,90
2012,10984,Rockland,410,203,207,48,362,31,44,12,17,43,61,67,130,50,96,117,226
2012,10985,Orange,24,1,23,11,13,0,0,0,0,0,0,0,0,7,20,7,20
2012,10986,Rockland,199,33,166,68,131,5,5,21,37,26,42,6,11,44,110,50,121
2012,10987,Orange,133,18,115,44,89,3,3,12,12,15,15,5,8,23,35,28,43
2012,10988,Orange,122,11,111,47,75,3,3,6,6,9,9,3,9,31,73,34,82
2012,10989,Rockland,931,368,563,207,724,68,95,70,117,138,212,39,57,146,268,185,325
2012,10990,Orange,1614,451,1163,437,1177,60,75,96,151,156,226,87,213,280,474,367,687
2012,10992,Orange,864,206,658,255,609,33,43,74,97,107,140,33,54,168,341,201,395
2012,10993,Rockland,1355,230,1125,471,884,34,60,109,139,143,199,33,44,266,433,299,477
2012,10994,Rockland,555,107,448,159,396,14,16,55,68,69,84,20,32,111,177,131,209
2012,10996,Orange,29,1,28,15,14,0,0,5,6,5,6,0,0,2,3,2,3
2012,10997,Orange,8,1,7,0,8,0,0,0,0,0,0,0,0,2,2,2,2
2012,10998,Orange,271,43,228,97,174,1,1,20,28,21,29,2,2,44,72,46,74
2012,11001,Nassau,3187,510,2677,812,2375,76,88,223,304,299,392,44,64,483,849,527,913
2012,11002,Queens,38,8,30,5,33,3,3,5,15,8,18,1,1,10,14,11,15
2012,11003,Nassau,9951,1235,8716,3174,6777,201,300,851,1190,1052,1490,121,212,1951,3382,2072,3594
2012,11004,Queens,3025,488,2537,681,2344,77,121,196,300,273,421,42,77,425,641,467,718
2012,11005,Queens,45,27,18,1,44,2,9,1,1,3,10,1,1,7,15,8,16
2012,11010,Nassau,2442,606,1836,554,1888,99,135,194,331,293,466,51,93,394,717,445,810
2012,11020,Nassau,649,110,539,201,448,18,21,49,57,67,78,11,19,125,223,136,242
2012,11021,Nassau,1795,769,1026,274,1521,154,214,84,121,238,335,75,110,184,279,259,389
2012,11022,Nassau,14,2,12,0,14,0,0,2,3,2,3,0,0,5,13,5,13
2012,11023,Nassau,974,323,651,202,772,51,63,45,67,96,130,32,50,123,185,155,235
2012,11024,Nassau,777,194,583,214,563,28,40,63,75,91,115,24,36,131,238,155,274
2012,11025,Nassau,4,1,3,0,4,0,0,1,1,1,1,0,0,0,0,0,0
2012,11026,Nassau,16,1,15,6,10,0,0,1,2,1,2,0,0,5,7,5,7
2012,11027,Nassau,17,1,16,4,13,1,1,3,5,4,6,0,0,4,11,4,11
2012,11030,Nassau,690,275,415,130,560,49,61,42,79,91,140,32,55,87,138,119,193
2012,11040,Nassau,4624,1263,3361,892,3732,190,286,286,455,476,741,87,130,537,939,624,1069
2012,11041,Nassau,4,0,4,2,2,0,0,0,0,0,0,0,0,0,0,0,0
2012,11042,Nassau,65,47,18,6,59,12,16,5,9,17,25,12,26,6,17,18,43
2012,11043,Nassau,1,1,0,0,1,0,0,0,0,0,0,0,0,0,0,0,0
2012,11044,Nassau,1,1,0,0,1,0,0,0,0,0,0,0,0,0,0,0,0
2012,11050,Nassau,2789,551,2238,876,1913,79,119,265,346,344,465,67,118,553,921,620,1039
2012,11051,Nassau,4,1,3,0,4,0,0,0,0,0,0,0,0,0,0,0,0
2012,11054,Nassau,1,0,1,0,1,0,0,0,0,0,0,0,0,0,0,0,0
2012,11096,Nassau,3158,412,2746,1280,1878,75,93,292,401,367,494,52,76,656,1130,708,1206
2012,11101,Queens,13547,1536,12011,3869,9678,255,370,1044,1460,1299,1830,235,411,3329,5901,3564,6312
2012,11102,Queens,13539,1762,11777,4439,9100,383,508,999,1396,1382,1904,282,424,3121,5791,3403,6215
2012,11103,Queens,11467,1144,10323,3562,7905,181,242,847,1068,1028,1310,120,193,2111,3393,2231,3586
2012,11104,Queens,9478,1193,8285,2722,6756,176,239,687,966,863,1205,107,154,1487,2521,1594,2675
2012,11105,Queens,9735,1455,8280,2592,7143,224,295,695,949,919,1244,157,243,1714,2901,1871,3144
2012,11106,Queens,14376,1979,12397,4443,9933,323,419,1109,1670,1432,2089,256,461,2954,5391,3210,5852
2012,11109,Queens,104,11,93,22,82,1,3,11,16,12,19,0,0,18,26,18,26
2012,11120,Queens,20,1,19,8,12,0,0,3,5,3,5,0,0,5,8,5,8
2012,11201,Kings,11036,2616,8420,2337,8699,650,1050,979,1929,1629,2979,479,1099,2503,6315,2982,7414
2012,11202,Kings,486,86,400,96,390,15,16,42,74,57,90,23,49,99,239,122,288
2012,11203,Kings,31583,4084,27499,10213,21370,880,1318,2916,4444,3796,5762,600,925,7101,13302,7701,14227
2012,11204,Kings,44859,5273,39586,15354,29505,762,979,3018,3658,3780,4637,404,609,4173,6318,4577,6927
2012,11205,Kings,21455,1918,19537,9924,11531,429,656,2159,3006,2588,3662,331,647,4306,8156,4637,8803
2012,11206,Kings,52138,5937,46201,20953,31185,1071,1590,4479,6421,5550,8011,848,1495,11735,23286,12583,24781
2012,11207,Kings,58531,5788,52743,21759,36772,1289,1910,5965,9755,7254,11665,1067,1931,16447,33078,17514,35009
2012,11208,Kings,59418,5182,54236,21537,37881,1043,1493,5272,7559,6315,9052,972,1812,14574,26629,15546,28441
2012,11209,Kings,20446,3124,17322,6121,14325,490,639,1560,2102,2050,2741,304,487,2901,4734,3205,5221
2012,11210,Kings,24161,2491,21670,8336,15825,425,642,2024,2778,2449,3420,307,491,4620,7764,4927,8255
2012,11211,Kings,41970,4251,37719,17907,24063,703,963,3823,5086,4526,6049,538,850,5459,9623,5997,10473
2012,11212,Kings,55991,5552,50439,21411,34580,1171,1689,5419,8411,6590,10100,1043,1766,16094,31911,17137,33677
2012,11213,Kings,35739,3801,31938,12739,23000,812,1245,3579,5413,4391,6658,665,1282,8177,16227,8842,17509
2012,11214,Kings,45675,7765,37910,12325,33350,1268,1725,2804,3610,4072,5335,614,900,4654,7262,5268,8162
2012,11215,Kings,7972,1564,6408,2123,5849,303,410,687,1120,990,1530,219,353,1630,3134,1849,3487
2012,11216,Kings,24337,2784,21553,7283,17054,593,806,2498,4324,3091,5130,470,843,6283,12720,6753,13563
2012,11217,Kings,9296,2166,7130,2133,7163,530,810,859,1573,1389,2383,469,844,2353,4884,2822,5728
2012,11218,Kings,39922,3677,36245,15156,24766,748,1015,3096,3790,3844,4805,443,819,6365,10317,6808,11136
2012,11219,Kings,70462,5176,65286,30443,40019,942,1242,6015,6932,6957,8174,586,851,7009,10711,7595,11562
2012,11220,Kings,85464,6260,79204,29528,55936,960,1268,7985,9699,8945,10967,745,1216,10732,17473,11477,18689
2012,11221,Kings,45119,4946,40173,15831,29288,1087,1603,4806,7692,5893,9295,959,1917,13034,26945,13993,28862
2012,11222,Kings,7371,1240,6131,1837,5534,190,248,591,963,781,1211,132,196,1139,2055,1271,2251
2012,11223,Kings,37650,5911,31739,11127,26523,981,1260,2678,3442,3659,4702,509,807,4450,7487,4959,8294
2012,11224,Kings,27488,7987,19501,6874,20614,1814,2437,1914,2952,3728,5389,828,1254,4394,8049,5222,9303
2012,11225,Kings,25011,2860,22151,8238,16773,540,771,2255,3398,2795,4169,415,659,5474,10069,5889,10728
2012,11226,Kings,55721,5806,49915,20036,35685,1119,1601,4998,7090,6117,8691,782,1293,12905,23163,13687,24456
2012,11228,Kings,14558,1923,12635,4007,10551,266,341,934,1196,1200,1537,206,319,1632,2621,1838,2940
2012,11229,Kings,33370,6080,27290,8757,24613,1060,1374,2132,2926,3192,4300,456,666,3760,6338,4216,7004
2012,11230,Kings,41726,6256,35470,13906,27820,1244,1589,3153,4129,4397,5718,599,865,5270,8632,5869,9497
2012,11231,Kings,8535,1460,7075,2563,5972,280,413,805,1238,1085,1651,267,442,2261,4618,2528,5060
2012,11232,Kings,14375,1102,13273,5678,8697,177,232,1409,1814,1586,2046,163,232,2932,5259,3095,5491
2012,11233,Kings,38293,3933,34360,13685,24608,922,1450,4222,7458,5144,8908,756,1353,11174,24216,11930,25569
2012,11234,Kings,24062,3196,20866,7331,16731,559,763,1909,2754,2468,3517,401,644,4355,7315,4756,7959
2012,11235,Kings,38493,9841,28652,8815,29678,2001,2634,2677,3740,4678,6374,712,1001,4247,6973,4959,7974
2012,11236,Kings,37878,4582,33296,12251,25627,1076,1548,3185,4628,4261,6176,698,1185,7872,13829,8570,15014
2012,11237,Kings,27346,2478,24868,11423,15923,483,666,3036,4230,3519,4896,462,798,7564,14667,8026,15465
2012,11238,Kings,13557,2449,11108,3654,9903,564,861,1247,2047,1811,2908,399,696,3216,6143,3615,6839
2012,11239,Kings,7312,2857,4455,1408,5904,588,781,415,650,1003,1431,288,444,1110,2028,1398,2472
2012,11240,Kings,10,2,8,1,9,0,0,1,1,1,1,0,0,2,2,2,2
2012,11241,Kings,30,1,29,16,14,0,0,4,5,4,5,0,0,3,4,3,4
2012,11242,Kings,18,0,18,10,8,0,0,1,1,1,1,0,0,5,8,5,8
2012,11243,Kings,5,0,5,1,4,0,0,2,2,2,2,0,0,1,3,1,3
2012,11244,Kings,12,1,11,6,6,0,0,2,2,2,2,0,0,1,1,1,1
2012,11245,Kings,3,0,3,1,2,0,0,0,0,0,0,0,0,0,0,0,0
2012,11247,Kings,190,53,137,38,152,6,11,14,19,20,30,11,21,34,83,45,104
2012,11248,Kings,1,0,1,0,1,0,0,0,0,0,0,0,0,0,0,0,0
2012,11249,Kings,4331,806,3525,1589,2742,188,264,412,534,600,798,121,240,528,880,649,1120
2012,11251,Kings,4,0,4,0,4,0,0,0,0,0,0,0,0,1,1,1,1
2012,11252,Kings,1,0,1,0,1,0,0,0,0,0,0,0,0,0,0,0,0
2012,11254,Kings,8,1,7,2,6,0,0,0,0,0,0,0,0,1,1,1,1
2012,11255,Kings,32,2,30,10,22,0,0,0,0,0,0,0,0,5,7,5,7
2012,11256,Kings,3,0,3,0,3,0,0,0,0,0,0,0,0,0,0,0,0
2012,11351,Queens,7,2,5,2,5,0,0,0,0,0,0,0,0,1,2,1,2
2012,11352,Queens,374,65,309,52,322,7,8,31,46,38,54,7,12,43,96,50,108
2012,11354,Queens,27762,4993,22769,5311,22451,937,1307,1670,2241,2607,3548,489,793,2942,4931,3431,5724
2012,11355,Queens,58086,6316,51770,13093,44993,909,1223,3776,4726,4685,5949,614,1028,5597,8973,6211,10001
2012,11356,Queens,10417,1135,9282,3202,7215,153,198,887,1176,1040,1374,189,322,2000,3579,2189,3901
2012,11357,Queens,7307,1616,5691,1602,5705,330,514,515,756,845,1270,219,412,901,1779,1120,2191
2012,11358,Queens,10952,1446,9506,2679,8273,166,219,706,901,872,1120,113,157,1424,2342,1537,2499
2012,11359,Queens,35,4,31,9,26,1,1,0,0,1,1,1,1,6,8,7,9
2012,11360,Queens,2607,679,1928,524,2083,82,101,158,247,240,348,49,77,264,459,313,536
2012,11361,Queens,7066,1278,5788,1591,5475,172,212,427,593,599,805,97,156,799,1247,896,1403
2012,11362,Queens,3096,645,2451,667,2429,80,107,136,172,216,279,44,64,254,362,298,426
2012,11363,Queens,1109,166,943,244,865,18,24,65,86,83,110,5,11,121,202,126,213
2012,11364,Queens,8779,1398,7381,1963,6816,166,220,397,535,563,755,98,127,767,1131,865,1258
2012,11365,Queens,14773,2139,12634,3917,10856,299,399,896,1245,1195,1644,218,333,2096,3713,2314,4046
2012,11366,Queens,4485,730,3755,1139,3346,124,160,363,909,487,1069,79,137,633,1143,712,1280
2012,11367,Queens,15788,2039,13749,4800,10988,311,394,1050,1414,1361,1808,255,403,2709,4781,2964,5184
2012,11368,Queens,61931,5136,56795,27512,34419,929,1248,6350,7884,7279,9132,661,986,15166,27370,15827,28356
2012,11369,Queens,18892,1795,17097,7121,11771,349,496,1613,2115,1962,2611,260,406,4718,8559,4978,8965
2012,11370,Queens,12370,1110,11260,4065,8305,139,174,888,1086,1027,1260,87,120,2478,4371,2565,4491
2012,11371,Queens,24,1,23,9,15,0,0,3,4,3,4,0,0,4,6,4,6
2012,11372,Queens,31507,3508,27999,10654,20853,528,685,2707,3494,3235,4179,275,397,7229,13257,7504,13654
2012,11373,Queens,54797,5206,49591,17853,36944,726,984,4125,5241,4851,6225,437,729,9707,17497,10144,18226
2012,11374,Queens,15877,3305,12572,3533,12344,578,786,1063,1419,1641,2205,362,524,2045,3233,2407,3757
2012,11375,Queens,14795,3601,11194,3016,11779,651,826,860,1209,1511,2035,355,517,1835,2927,2190,3444
2012,11377,Queens,41117,3993,37124,13359,27758,629,838,3117,3994,3746,4832,354,534,7776,13396,8130,13930
2012,11378,Queens,10098,1070,9028,3397,6701,197,285,902,1264,1099,1549,115,209,1813,3017,1928,3226
2012,11379,Queens,7201,1393,5808,1843,5358,282,382,482,668,764,1050,108,162,1036,1748,1144,1910
2012,11380,Queens,48,19,29,8,40,4,5,3,7,7,12,6,14,7,8,13,22
2012,11381,Queens,6,0,6,4,2,0,0,2,2,2,2,0,0,1,1,1,1
2012,11385,Queens,39175,3650,35525,13850,25325,583,771,3651,4875,4234,5646,440,715,8557,15028,8997,15743
2012,11386,Queens,196,68,128,44,152,12,17,13,49,25,66,12,13,45,162,57,175
2012,11390,Queens,2,0,2,1,1,0,0,0,0,0,0,0,0,1,1,1,1
2012,11405,Queens,5,0,5,2,3,0,0,0,0,0,0,0,0,0,0,0,0
2012,11411,Queens,5191,674,4517,1573,3618,109,152,433,580,542,732,86,149,1096,1842,1182,1991
2012,11594,Nassau,1,1,0,0,1,0,0,0,0,0,0,0,0,0,0,0,0
2012,11412,Queens,12658,1328,11330,4309,8349,263,384,1134,1683,1397,2067,229,361,3003,5244,3232,5605
2012,11413,Queens,12703,1250,11453,4209,8494,220,299,1221,2026,1441,2325,161,266,2943,5608,3104,5874
2012,11414,Queens,4646,811,3835,1321,3325,111,159,326,484,437,643,86,128,813,1436,899,1564
2012,11415,Queens,5892,967,4925,1625,4267,174,236,446,595,620,831,119,208,1028,1772,1147,1980
2012,11416,Queens,13928,1051,12877,4694,9234,181,240,1114,1521,1295,1761,167,293,2948,4921,3115,5214
2012,11417,Queens,12852,1245,11607,4130,8722,217,276,974,1353,1191,1629,184,321,2587,4278,2771,4599
2012,11418,Queens,17446,1661,15785,5929,11517,287,399,1394,1895,1681,2294,261,406,3841,6511,4102,6917
2012,11419,Queens,25224,2057,23167,8058,17166,385,530,2081,2740,2466,3270,303,522,5090,8570,5393,9092
2012,11420,Queens,20020,1826,18194,6467,13553,337,452,1453,2041,1790,2493,276,448,4093,6779,4369,7227
2012,11421,Queens,18620,1777,16843,6284,12336,268,387,1420,1855,1688,2242,262,406,3919,6860,4181,7266
2012,11422,Queens,9232,887,8345,3201,6031,150,224,716,1151,866,1375,93,165,1975,3531,2068,3696
2012,11423,Queens,12587,1598,10989,3795,8792,318,440,1001,1376,1319,1816,244,462,2430,4181,2674,4643
2012,11424,Queens,73,8,65,31,42,3,6,4,5,7,11,0,0,11,13,11,13
2012,11425,Queens,75,6,69,20,55,2,2,5,5,7,7,2,3,9,16,11,19
2012,11426,Queens,4987,509,4478,1362,3625,69,91,365,515,434,606,56,85,840,1360,896,1445
2012,11427,Queens,7655,1060,6595,2038,5617,208,282,702,1100,910,1382,139,292,1308,2430,1447,2722
2012,11428,Queens,7176,808,6368,2128,5048,142,191,544,851,686,1042,114,194,1374,2433,1488,2627
2012,11429,Queens,9006,990,8016,2869,6137,180,298,773,1116,953,1414,146,250,1905,3304,2051,3554
2012,11430,Queens,278,26,252,40,238,7,14,30,75,37,89,6,22,81,240,87,262
2012,11431,Queens,683,119,564,127,556,13,21,58,97,71,118,17,36,168,437,185,473
2012,11432,Queens,32346,3747,28599,9879,22467,779,1128,2609,3782,3388,4910,546,963,7102,13078,7648,14041
2012,11433,Queens,17740,1750,15990,6607,11133,314,409,1639,2477,1953,2886,346,612,4644,8866,4990,9478
2012,11434,Queens,24102,2478,21624,8837,15265,442,638,2128,3044,2570,3682,412,751,6041,11477,6453,12228
2012,11435,Queens,27385,2770,24615,9127,18258,528,837,2658,4124,3186,4961,413,703,6700,12587,7113,13290
2012,11436,Queens,7864,656,7208,2826,5038,119,186,717,994,836,1180,101,212,1853,3214,1954,3426
2012,11439,Queens,33,2,31,9,24,0,0,1,2,1,2,0,0,4,8,4,8
2012,11451,Queens,19,1,18,7,12,0,0,3,4,3,4,0,0,5,14,5,14
2012,11499,Queens,1,0,1,0,1,0,0,0,0,0,0,0,0,0,0,0,0
2012,11501,Nassau,2238,437,1801,649,1589,72,86,218,288,290,374,59,113,429,713,488,826
2012,11507,Nassau,640,170,470,104,536,29,39,39,45,68,84,11,12,74,115,85,127
2012,11509,Nassau,164,44,120,40,124,11,13,11,20,22,33,3,3,28,44,31,47
2012,11510,Nassau,5367,917,4450,1632,3735,181,271,440,594,621,865,139,223,1069,1797,1208,2020
2012,11514,Nassau,406,77,329,109,297,9,10,33,48,42,58,5,5,67,114,72,119
2012,11516,Nassau,966,150,816,345,621,12,15,77,104,89,119,12,26,118,180,130,206
2012,11518,Nassau,956,183,773,261,695,39,57,91,156,130,213,21,69,207,445,228,514
2012,11520,Nassau,15085,1943,13142,5469,9616,348,492,1501,2026,1849,2518,277,419,3359,5819,3636,6238
2012,11530,Nassau,1000,384,616,163,837,50,65,69,105,119,170,68,108,125,246,193,354
2012,11531,Nassau,17,3,14,5,12,0,0,2,3,2,3,1,1,5,7,6,8
2012,11535,Nassau,4,1,3,1,3,0,0,0,0,0,0,0,0,1,1,1,1
2012,11536,Nassau,1,0,1,0,1,0,0,0,0,0,0,0,0,0,0,0,0
2012,11542,Nassau,5667,966,4701,2047,3620,216,277,541,727,757,1004,162,297,1340,2475,1502,2772
2012,11545,Nassau,636,250,386,123,513,31,41,36,48,67,89,53,89,82,167,135,256
2012,11547,Nassau,79,11,68,22,57,3,7,2,2,5,9,1,1,20,45,21,46
2012,11548,Nassau,120,30,90,32,88,6,6,8,11,14,17,1,1,13,17,14,18
2012,11549,Nassau,6,0,6,0,6,0,0,0,0,0,0,0,0,1,3,1,3
2012,11550,Nassau,25520,2766,22754,10700,14820,628,988,3023,4231,3651,5219,559,1027,6691,12317,7250,13344
2012,11551,Nassau,350,139,211,44,306,35,59,51,129,86,188,35,84,97,272,132,356
2012,11552,Nassau,3873,542,3331,1265,2608,77,102,361,503,438,605,60,108,829,1466,889,1574
2012,11553,Nassau,9777,1427,8350,3482,6295,328,476,1154,1694,1482,2170,195,331,2165,4030,2360,4361
2012,11554,Nassau,4165,992,3173,993,3172,165,225,362,550,527,775,106,148,619,1188,725,1336
2012,11555,Nassau,4,0,4,0,4,0,0,1,3,1,3,0,0,1,6,1,6
2012,11556,Nassau,38,11,27,7,31,2,3,4,8,6,11,1,1,11,19,12,20
2012,11557,Nassau,658,125,533,182,476,15,22,39,53,54,75,7,8,80,115,87,123
2012,11558,Nassau,1466,348,1118,408,1058,95,141,147,241,242,382,69,138,314,572,383,710
2012,11559,Nassau,832,136,696,289,543,15,17,55,73,70,90,13,18,123,228,136,246
2012,11560,Nassau,488,66,422,177,311,7,10,36,50,43,60,10,17,108,177,118,194
2012,11561,Nassau,5488,1745,3743,1378,4110,399,539,463,773,862,1312,283,464,1090,2063,1373,2527
2012,11563,Nassau,2123,503,1620,558,1565,94,146,162,284,256,430,55,87,372,733,427,820
2012,11565,Nassau,524,120,404,131,393,15,20,32,42,47,62,8,10,82,126,90,136
2012,11566,Nassau,1981,476,1505,458,1523,59,79,135,199,194,278,47,63,269,458,316,521
2012,11568,Nassau,144,19,125,48,96,6,8,7,14,13,22,1,8,18,30,19,38
2012,11569,Nassau,57,13,44,10,47,1,1,8,10,9,11,1,1,11,19,12,20
2012,11570,Nassau,2911,799,2112,760,2151,139,192,215,350,354,542,89,135,625,1170,714,1305
2012,11571,Nassau,45,14,31,10,35,3,6,3,7,6,13,1,2,8,17,9,19
2012,11572,Nassau,2693,644,2049,664,2029,101,129,204,289,305,418,70,152,495,846,565,998
2012,11575,Nassau,7542,658,6884,3145,4397,129,172,807,1111,936,1283,127,204,1984,3666,2111,3870
2012,11576,Nassau,548,152,396,117,431,22,28,40,51,62,79,14,24,64,103,78,127
2012,11577,Nassau,1266,452,814,236,1030,81,109,94,140,175,249,55,84,180,288,235,372
2012,11579,Nassau,310,73,237,71,239,12,14,30,61,42,75,12,13,56,131,68,144
2012,11580,Nassau,7435,1162,6273,2234,5201,158,201,578,806,736,1007,101,134,1312,2228,1413,2362
2012,11581,Nassau,2689,463,2226,744,1945,73,102,166,218,239,320,32,52,396,622,428,674
2012,11582,Nassau,63,11,52,20,43,1,1,3,6,4,7,3,5,15,21,18,26
2012,11590,Nassau,11878,1338,10540,5146,6732,257,351,1256,1690,1513,2041,183,274,2796,5065,2979,5339
2012,11595,Nassau,8,1,7,4,4,0,0,0,0,0,0,0,0,0,0,0,0
2012,11596,Nassau,610,123,487,138,472,18,26,42,57,60,83,11,16,80,125,91,141
2012,11597,Nassau,5,2,3,2,3,0,0,0,0,0,0,0,0,1,5,1,5
2012,11598,Nassau,1271,393,878,336,935,105,177,86,142,191,319,46,77,124,195,170,272
2012,11690,Queens,256,89,167,56,200,18,28,13,25,31,53,21,39,52,106,73,145
2012,11691,Queens,33281,6081,27200,12025,21256,1641,2339,3005,4661,4646,7000,963,1738,7585,14946,8548,16684
2012,11692,Queens,10357,1423,8934,3805,6552,444,670,939,1589,1383,2259,243,509,2524,4886,2767,5395
2012,11693,Queens,4710,704,4006,1510,3200,136,206,448,663,584,869,116,240,1130,2198,1246,2438
2012,11694,Queens,4419,1311,3108,913,3506,462,778,487,1019,949,1797,236,453,829,1798,1065,2251
2012,11695,Queens,5,1,4,1,4,1,1,1,1,2,2,1,2,1,3,2,5
2012,11697,Queens,175,60,115,32,143,10,11,11,20,21,31,2,2,19,35,21,37
2012,11701,Suffolk,7962,1394,6568,3015,4947,194,226,769,1047,963,1273,212,421,1836,3323,2048,3744
2012,11702,Suffolk,1068,230,838,266,802,36,53,111,139,147,192,31,90,197,335,228,425
2012,11703,Suffolk,2576,464,2112,786,1790,64,80,234,331,298,411,60,101,505,867,565,968
2012,11704,Suffolk,6726,1436,5290,1937,4789,250,313,608,902,858,1215,191,338,1379,2480,1570,2818
2012,11705,Suffolk,650,152,498,189,461,26,36,39,59,65,95,24,56,114,235,138,291
2012,11706,Suffolk,17446,2004,15442,6901,10545,340,465,1792,2449,2132,2914,369,696,4417,8115,4786,8811
2012,11707,Suffolk,22,5,17,3,19,3,4,2,12,5,16,1,8,7,32,8,40
2012,11708,Suffolk,2,0,2,0,2,0,0,0,0,0,0,0,0,0,0,0,0
2012,11709,Nassau,523,144,379,135,388,26,41,46,61,72,102,28,49,94,190,122,239
2012,11710,Nassau,2838,612,2226,701,2137,107,151,288,571,395,722,81,131,447,830,528,961
2012,11713,Suffolk,3071,289,2782,1395,1676,52,62,364,524,416,586,40,67,1023,2140,1063,2207
2012,11714,Nassau,2162,670,1492,447,1715,92,121,165,245,257,366,100,168,325,594,425,762
2012,11715,Suffolk,360,55,305,94,266,6,8,51,106,57,114,9,21,103,262,112,283
2012,11716,Suffolk,1276,286,990,313,963,44,66,126,200,170,266,56,146,247,470,303,616
2012,11717,Suffolk,24126,2468,21658,10259,13867,420,607,2970,3828,3390,4435,436,868,5908,10487,6344,11355
2012,11718,Suffolk,174,23,151,47,127,6,10,11,14,17,24,1,3,33,53,34,56
2012,11719,Suffolk,710,364,346,88,622,99,130,54,100,153,230,75,137,111,263,186,400
2012,11720,Suffolk,3574,514,3060,1170,2404,59,86,339,492,398,578,76,192,781,1482,857,1674
2012,11721,Suffolk,256,50,206,54,202,4,5,23,32,27,37,6,10,56,117,62,127
2012,11722,Suffolk,12989,1287,11702,5520,7469,225,303,1466,1946,1691,2249,244,493,3374,6004,3618,6497
2012,11724,Suffolk,39,13,26,7,32,1,1,1,1,2,2,1,1,9,14,10,15
2012,11725,Suffolk,2187,791,1396,432,1755,124,165,118,197,242,362,89,150,274,480,363,630
2012,11726,Suffolk,6406,646,5760,2561,3845,103,150,704,888,807,1038,107,235,1411,2283,1518,2518
2012,11727,Suffolk,4717,693,4024,1556,3161,104,148,494,799,598,947,142,310,1245,2709,1387,3019
2012,11729,Suffolk,4528,700,3828,1428,3100,105,129,388,580,493,709,80,132,860,1535,940,1667
2012,11730,Suffolk,1141,280,861,308,833,55,71,122,201,177,272,41,60,208,397,249,457
2012,11731,Suffolk,2044,394,1650,574,1470,52,76,154,263,206,339,53,97,351,600,404,697
2012,11732,Nassau,272,156,116,34,238,58,77,13,30,71,107,31,51,21,52,52,103
2012,11733,Suffolk,835,160,675,232,603,22,34,53,73,75,107,27,66,160,337,187,403
2012,11735,Nassau,3704,769,2935,1102,2602,126,180,324,493,450,673,139,250,719,1257,858,1507
2012,11736,Nassau,4,1,3,1,3,0,0,0,0,0,0,0,0,1,1,1,1
2012,11737,Nassau,13,4,9,5,8,0,0,0,0,0,0,1,1,4,8,5,9
2012,11738,Suffolk,2202,315,1887,759,1443,48,73,187,255,235,328,60,108,487,888,547,996
2012,11739,Suffolk,55,8,47,17,38,0,0,2,2,2,2,0,0,11,15,11,15
2012,11740,Suffolk,980,335,645,235,745,50,61,69,91,119,152,35,56,141,253,176,309
2012,11741,Suffolk,2633,502,2131,788,1845,75,113,258,406,333,519,77,170,526,1007,603,1177
2012,11742,Suffolk,1188,248,940,353,835,43,55,107,146,150,201,40,59,225,446,265,505
2012,11743,Suffolk,3809,844,2965,1138,2671,143,187,287,438,430,625,108,194,799,1451,907,1645
2012,11746,Suffolk,11526,1302,10224,4635,6891,227,342,1374,1798,1601,2140,176,307,2899,5258,3075,5565
2012,11747,Suffolk,1379,518,861,267,1112,75,113,82,112,157,225,49,71,205,385,254,456
2012,11749,Suffolk,570,80,490,195,375,14,21,60,80,74,101,12,19,116,194,128,213
2012,11750,Suffolk,10,3,7,2,8,1,2,3,3,4,5,0,0,3,11,3,11
2012,11751,Suffolk,1555,274,1281,465,1090,42,54,121,165,163,219,45,70,328,603,373,673
2012,11752,Suffolk,1177,163,1014,372,805,23,25,95,128,118,153,26,43,247,473,273,516
2012,11753,Nassau,792,140,652,184,608,19,30,61,111,80,141,16,23,111,255,127,278
2012,11754,Suffolk,1457,489,968,327,1130,78,99,119,223,197,322,52,87,248,487,300,574
2012,11755,Suffolk,1076,191,885,306,770,26,31,96,142,122,173,23,55,202,399,225,454
2012,11756,Nassau,4446,775,3671,1258,3188,96,133,381,545,477,678,77,133,794,1423,871,1556
2012,11757,Suffolk,6547,915,5632,2072,4475,130,189,629,953,759,1142,111,214,1292,2257,1403,2471
2012,11758,Nassau,4250,1121,3129,1043,3207,168,217,275,439,443,656,147,244,637,1205,784,1449
2012,11760,Suffolk,7,0,7,3,4,0,0,0,0,0,0,0,0,2,2,2,2
2012,11762,Nassau,961,245,716,214,747,33,41,71,109,104,150,33,61,125,212,158,273
2012,11763,Suffolk,5878,1120,4758,1963,3915,308,450,627,985,935,1435,241,458,1524,3385,1765,3843
2012,11764,Suffolk,796,122,674,243,553,16,24,64,119,80,143,23,42,160,326,183,368
2012,11765,Nassau,33,9,24,4,29,2,3,1,2,3,5,1,1,5,7,6,8
2012,11766,Suffolk,792,150,642,218,574,17,22,70,116,87,138,28,80,188,391,216,471
2012,11767,Suffolk,1256,392,864,311,945,69,88,79,107,148,195,47,84,196,358,243,442
2012,11768,Suffolk,965,209,756,238,727,25,34,84,148,109,182,23,50,179,425,202,475
2012,11769,Suffolk,870,419,451,111,759,71,97,53,78,124,175,66,117,96,155,162,272
2012,11770,Suffolk,15,4,11,2,13,0,0,3,5,3,5,0,0,1,3,1,3
2012,11771,Nassau,862,130,732,299,563,15,18,86,118,101,136,10,13,190,334,200,347
2012,11772,Suffolk,9304,1677,7627,3489,5815,368,497,1091,1600,1459,2097,278,553,2516,5174,2794,5727
2012,11773,Nassau,9,2,7,2,7,1,1,1,1,2,2,0,0,2,6,2,6
2012,11774,Nassau,2,0,2,1,1,0,0,0,0,0,0,0,0,1,1,1,1
2012,11775,Suffolk,7,1,6,2,5,0,0,1,1,1,1,1,2,4,11,5,13
2012,11776,Suffolk,3798,985,2813,1107,2691,234,335,364,523,598,858,293,593,829,1686,1122,2279
2012,11777,Suffolk,983,279,704,227,756,55,77,93,134,148,211,61,145,226,442,287,587
2012,11778,Suffolk,1495,186,1309,507,988,23,33,165,233,188,266,34,58,401,813,435,871
2012,11779,Suffolk,5742,1015,4727,1599,4143,170,259,558,906,728,1165,174,351,1192,2548,1366,2899
2012,11780,Suffolk,1167,545,622,209,958,81,103,70,89,151,192,56,80,125,195,181,275
2012,11782,Suffolk,1309,467,842,297,1012,103,133,88,125,191,258,67,105,232,469,299,574
2012,11783,Nassau,1147,293,854,266,881,33,42,89,134,122,176,40,70,170,286,210,356
2012,11784,Suffolk,3839,619,3220,1213,2626,94,138,340,466,434,604,126,323,892,1871,1018,2194
2012,11786,Suffolk,393,77,316,104,289,9,9,31,46,40,55,13,27,80,157,93,184
2012,11787,Suffolk,3127,1216,1911,624,2503,250,349,225,410,475,759,179,287,483,950,662,1237
2012,11788,Suffolk,2530,648,1882,1000,1530,105,144,215,368,320,512,181,374,480,946,661,1320
2012,11789,Suffolk,804,110,694,254,550,14,16,79,124,93,140,17,22,218,443,235,465
2012,11790,Suffolk,832,421,411,126,706,54,70,37,51,91,121,53,96,85,139,138,235
2012,11791,Nassau,1359,339,1020,264,1095,52,72,96,145,148,217,33,67,170,278,203,345
2012,11792,Suffolk,598,99,499,198,400,14,18,49,79,63,97,24,41,131,250,155,291
2012,11793,Nassau,1728,479,1249,393,1335,59,82,108,171,167,253,71,123,230,367,301,490
2012,11794,Suffolk,2,0,2,0,2,0,0,0,0,0,0,0,0,0,0,0,0
2012,11795,Suffolk,2166,712,1454,486,1680,117,143,117,186,234,329,71,118,301,501,372,619
2012,11796,Suffolk,320,104,216,66,254,26,46,24,38,50,84,25,42,48,89,73,131
2012,11797,Nassau,1044,797,247,66,978,145,176,18,30,163,206,90,146,55,114,145,260
2012,11798,Suffolk,6690,618,6072,2872,3818,104,150,745,1083,849,1233,143,327,1879,3381,2022,3708
2012,11801,Nassau,6289,941,5348,1897,4392,121,167,588,822,709,989,112,186,1147,2032,1259,2218
2012,11802,Nassau,83,13,70,23,60,1,2,4,7,5,9,1,1,22,44,23,45
2012,11803,Nassau,2203,1026,1177,308,1895,143,177,129,220,272,397,135,220,233,425,368,645
2012,11804,Nassau,300,113,187,50,250,9,12,19,36,28,48,19,30,43,114,62,144
2012,11855,Nassau,1,0,1,0,1,0,0,0,0,0,0,0,0,0,0,0,0
2012,11901,Suffolk,6737,1185,5552,2611,4126,216,289,875,1351,1091,1640,262,523,1970,4455,2232,4978
2012,11930,Suffolk,379,30,349,198,181,4,7,34,38,38,45,5,6,72,118,77,124
2012,11931,Suffolk,308,46,262,125,183,5,7,28,36,33,43,10,33,71,159,81,192
2012,11932,Suffolk,183,29,154,81,102,5,7,22,33,27,40,8,10,37,72,45,82
2012,11933,Suffolk,861,177,684,301,560,20,23,69,85,89,108,28,43,236,459,264,502
2012,11934,Suffolk,1005,236,769,323,682,64,91,122,166,186,257,49,84,246,509,295,593
2012,11935,Suffolk,268,45,223,88,180,2,2,27,34,29,36,6,18,66,137,72,155
2012,11937,Suffolk,2162,231,1931,949,1213,36,46,257,305,293,351,34,67,356,535,390,602
2012,11939,Suffolk,84,17,67,29,55,1,1,6,21,7,22,1,1,20,57,21,58
2012,11940,Suffolk,505,123,382,154,351,21,29,57,72,78,101,19,24,115,193,134,217
2012,11941,Suffolk,219,35,184,91,128,3,5,25,35,28,40,3,4,49,98,52,102
2012,11942,Suffolk,520,56,464,190,330,2,2,62,78,64,80,7,8,141,267,148,275
2012,11944,Suffolk,981,232,749,378,603,18,20,107,141,125,161,20,32,235,420,255,452
2012,11946,Suffolk,2570,286,2284,1171,1399,38,50,266,327,304,377,48,109,598,1015,646,1124
2012,11947,Suffolk,93,17,76,29,64,3,4,10,11,13,15,4,10,31,52,35,62
2012,11948,Suffolk,88,16,72,31,57,2,2,10,13,12,15,2,3,23,36,25,39
2012,11949,Suffolk,1199,334,865,289,910,36,44,80,130,116,174,43,63,232,504,275,567
2012,11950,Suffolk,4569,434,4135,1896,2673,75,106,545,797,620,903,81,145,1330,2792,1411,2937
2012,11951,Suffolk,4217,421,3796,1718,2499,78,119,495,744,573,863,74,163,1281,2744,1355,2907
2012,11952,Suffolk,418,72,346,138,280,9,14,64,112,73,126,14,27,114,297,128,324
2012,11953,Suffolk,2360,563,1797,714,1646,146,200,234,356,380,556,117,219,590,1259,707,1478
2012,11954,Suffolk,451,56,395,179,272,12,13,51,81,63,94,7,14,64,125,71,139
2012,11955,Suffolk,387,79,308,118,269,12,22,43,54,55,76,24,45,99,187,123,232
2012,11956,Suffolk,32,3,29,6,26,1,1,3,7,4,8,0,0,11,29,11,29
2012,11957,Suffolk,53,14,39,16,37,0,0,2,2,2,2,1,3,16,30,17,33
2012,11958,Suffolk,110,24,86,36,74,2,2,10,12,12,14,3,4,29,46,32,50
2012,11959,Suffolk,92,17,75,23,69,1,1,11,11,12,12,0,0,20,41,20,41
2012,11960,Suffolk,72,11,61,26,46,1,1,8,8,9,9,0,0,16,25,16,25
2012,11961,Suffolk,1651,372,1279,486,1165,68,101,141,202,209,303,58,108,405,848,463,956
2012,11962,Suffolk,20,8,12,4,16,2,4,1,1,3,5,3,5,3,5,6,10
2012,11963,Suffolk,526,86,440,207,319,12,13,55,80,67,93,14,24,105,165,119,189
2012,11964,Suffolk,120,13,107,47,73,2,2,18,22,20,24,3,5,30,48,33,53
2012,11965,Suffolk,28,7,21,6,22,1,1,2,4,3,5,2,4,4,8,6,12
2012,11967,Suffolk,6092,692,5400,2288,3804,119,195,587,836,706,1031,124,220,1667,3337,1791,3557
2012,11968,Suffolk,1462,339,1123,593,869,77,97,188,255,265,352,72,156,334,635,406,791
2012,11969,Suffolk,373,44,329,169,204,9,10,52,70,61,80,17,32,79,137,96,169
2012,11970,Suffolk,27,6,21,6,21,0,0,6,7,6,7,0,0,5,8,5,8
2012,11971,Suffolk,505,100,405,189,316,9,13,59,84,68,97,11,19,127,241,138,260
2012,11972,Suffolk,134,15,119,56,78,1,1,12,13,13,14,0,0,32,76,32,76
2012,11973,Suffolk,12,0,12,4,8,0,0,1,2,1,2,0,0,3,4,3,4
2012,11975,Suffolk,91,10,81,35,56,3,3,13,18,16,21,2,2,15,38,17,40
2012,11976,Suffolk,160,21,139,75,85,3,3,18,30,21,33,4,6,35,66,39,72
2012,11977,Suffolk,369,173,196,92,277,29,32,29,34,58,66,11,23,63,97,74,120
2012,11978,Suffolk,489,59,430,208,281,17,25,58,75,75,100,12,27,120,186,132,213
2012,11980,Suffolk,661,216,445,150,511,74,115,82,139,156,254,53,110,147,267,200,377
2012,12007,Albany,16,3,13,3,13,0,0,0,0,0,0,0,0,2,4,2,4
2012,12008,Schenectady,53,9,44,23,30,2,2,3,3,5,5,2,4,10,15,12,19
2012,12009,Albany,737,159,578,230,507,18,28,77,111,95,139,30,81,136,279,166,360
2012,12010,Montgomery,9958,1710,8248,3598,6360,289,374,641,857,930,1231,383,801,2934,6324,3317,7125
2012,12015,Greene,589,138,451,195,394,27,42,46,60,73,102,26,44,105,202,131,246
2012,12016,Montgomery,1,1,0,0,1,0,0,0,0,0,0,0,0,0,0,0,0
2012,12017,Columbia,51,2,49,18,33,0,0,2,2,2,2,0,0,9,9,9,9
2012,12018,Rensselaer,712,128,584,248,464,14,16,89,116,103,132,24,52,175,359,199,411
2012,12019,Saratoga,859,187,672,288,571,24,31,53,62,77,93,16,36,94,165,110,201
2012,12020,Saratoga,4849,928,3921,1567,3282,116,159,346,503,462,662,163,356,999,2157,1162,2513
2012,12022,Rensselaer,219,35,184,95,124,3,4,28,30,31,34,1,1,52,139,53,140
2012,12023,Albany,274,46,228,100,174,3,3,20,29,23,32,6,13,61,89,67,102
2012,12024,Columbia,26,6,20,10,16,1,1,2,3,3,4,0,0,8,10,8,10
2012,12025,Fulton,1210,221,989,399,811,25,34,75,123,100,157,26,38,285,535,311,573
2012,12027,Saratoga,255,58,197,71,184,6,8,12,24,18,32,4,4,33,93,37,97
2012,12028,Rensselaer,193,42,151,64,129,6,7,13,17,19,24,7,22,38,72,45,94
2012,12029,Columbia,236,27,209,156,80,2,4,15,20,17,24,3,6,53,76,56,82
2012,12031,Schoharie,67,6,61,27,40,0,0,3,4,3,4,1,2,18,30,19,32
2012,12032,Fulton,238,51,187,65,173,7,13,25,44,32,57,12,39,52,103,64,142
2012,12033,Rensselaer,813,185,628,251,562,36,45,76,111,112,156,28,56,150,301,178,357
2012,12035,Schoharie,213,34,179,75,138,2,3,25,32,27,35,8,23,61,100,69,123
2012,12036,Schoharie,79,12,67,31,48,2,2,4,4,6,6,3,4,16,27,19,31
2012,12037,Columbia,653,140,513,234,419,24,28,47,57,71,85,21,39,128,258,149,297
2012,12040,Rensselaer,36,3,33,11,25,0,0,2,3,2,3,0,0,10,10,10,10
2012,12041,Albany,73,16,57,30,43,2,2,10,10,12,12,7,15,16,27,23,42
2012,12042,Greene,59,10,49,21,38,1,2,5,8,6,10,2,5,13,27,15,32
2012,12043,Schoharie,1597,322,1275,482,1115,40,50,90,110,130,160,76,159,422,801,498,960
2012,12045,Albany,253,34,219,105,148,3,4,20,23,23,27,8,35,55,98,63,133
2012,12046,Albany,91,13,78,33,58,3,5,10,13,13,18,2,2,15,34,17,36
2012,12047,Albany,4929,866,4063,1703,3226,140,204,502,746,642,950,232,740,1603,4174,1835,4914
2012,12050,Columbia,47,12,35,13,34,1,1,4,5,5,6,0,0,11,24,11,24
2012,12051,Greene,748,119,629,252,496,18,24,54,80,72,104,17,44,146,265,163,309
2012,12052,Rensselaer,177,36,141,59,118,5,20,6,18,11,38,8,46,60,108,68,154
2012,12053,Schenectady,476,81,395,173,303,12,20,25,32,37,52,11,25,95,169,106,194
2012,12054,Albany,986,236,750,306,680,36,48,43,58,79,106,45,138,150,310,195,448
2012,12055,Albany,2,0,2,0,2,0,0,1,1,1,1,0,0,1,1,1,1
2012,12056,Schenectady,240,45,195,78,162,5,7,9,9,14,16,5,9,46,90,51,99
2012,12057,Washington,305,48,257,119,186,5,8,21,29,26,37,5,5,46,71,51,76
2012,12058,Greene,335,49,286,119,216,6,9,33,37,39,46,7,11,64,108,71,119
2012,12059,Albany,227,40,187,83,144,6,9,16,22,22,31,6,19,46,154,52,173
2012,12060,Columbia,146,23,123,46,100,5,6,11,12,16,18,1,2,24,39,25,41
2012,12061,Rensselaer,805,196,609,222,583,34,42,67,99,101,141,34,63,142,259,176,322
2012,12062,Rensselaer,256,51,205,93,163,8,13,22,26,30,39,8,25,60,118,68,143
2012,12063,Rensselaer,47,11,36,11,36,2,2,2,3,4,5,3,3,13,26,16,29
2012,12064,Otsego,165,23,142,75,90,3,3,12,14,15,17,2,3,36,50,38,53
2012,12065,Saratoga,4084,777,3307,1248,2836,109,133,284,394,393,527,115,225,532,1056,647,1281
2012,12066,Schoharie,311,55,256,110,201,10,12,27,31,37,43,11,20,83,145,94,165
2012,12067,Albany,157,43,114,44,113,11,12,10,16,21,28,12,25,23,61,35,86
2012,12068,Montgomery,746,138,608,262,484,23,31,47,69,70,100,29,52,191,387,220,439
2012,12069,Montgomery,49,7,42,18,31,0,0,3,7,3,7,1,1,9,11,10,12
2012,12070,Montgomery,274,66,208,84,190,10,14,12,12,22,26,11,21,61,108,72,129
2012,12071,Schoharie,66,10,56,25,41,1,1,6,6,7,7,2,2,18,32,20,34
2012,12072,Montgomery,528,90,438,175,353,13,15,33,52,46,67,13,18,131,281,144,299
2012,12073,Schoharie,22,2,20,7,15,0,0,2,3,2,3,1,2,11,28,12,30
2012,12074,Saratoga,433,77,356,134,299,9,12,26,31,35,43,13,19,81,164,94,183
2012,12075,Columbia,561,159,402,170,391,39,54,29,40,68,94,37,74,108,193,145,267
2012,12076,Schoharie,295,60,235,100,195,10,13,10,12,20,25,12,34,58,101,70,135
2012,12077,Albany,513,103,410,143,370,11,13,25,29,36,42,14,30,103,170,117,200
2012,12078,Fulton,8806,1851,6955,2960,5846,312,417,700,995,1012,1412,430,1000,2808,6436,3238,7436
2012,12082,Rensselaer,37,7,30,10,27,1,1,2,2,3,3,1,2,10,17,11,19
2012,12083,Greene,659,100,559,236,423,13,18,52,64,65,82,15,30,109,182,124,212
2012,12084,Albany,433,125,308,111,322,20,28,31,42,51,70,26,95,58,111,84,206
2012,12085,Albany,105,40,65,28,77,14,19,5,7,19,26,11,19,23,32,34,51
2012,12086,Montgomery,260,57,203,76,184,8,12,16,24,24,36,12,21,45,93,57,114
2012,12087,Greene,194,25,169,72,122,3,3,19,24,22,27,8,11,38,59,46,70
2012,12089,Rensselaer,29,4,25,10,19,1,2,0,0,1,2,0,0,6,13,6,13
2012,12090,Rensselaer,1407,268,1139,521,886,41,54,101,143,142,197,22,31,300,570,322,601
2012,12092,Schoharie,229,41,188,84,145,6,8,25,30,31,38,7,18,74,145,81,163
2012,12093,Schoharie,344,52,292,114,230,5,5,17,18,22,23,13,25,81,175,94,200
2012,12094,Rensselaer,421,43,378,181,240,8,12,33,38,41,50,7,11,95,222,102,233
2012,12095,Fulton,3150,715,2435,967,2183,127,187,244,341,371,528,124,245,804,1734,928,1979
2012,12106,Columbia,261,41,220,91,170,6,6,32,36,38,42,3,4,51,101,54,105
2012,12107,Albany,27,3,24,11,16,1,1,5,5,6,6,0,0,11,21,11,21
2012,12108,Hamilton,58,6,52,27,31,0,0,5,6,5,6,0,0,11,19,11,19
2012,12110,Albany,2165,696,1469,554,1611,62,78,129,182,191,260,81,183,281,568,362,751
2012,12115,Columbia,13,0,13,6,7,0,0,2,2,2,2,0,0,5,6,5,6
2012,12116,Otsego,420,69,351,147,273,9,11,38,49,47,60,12,32,101,179,113,211
2012,12117,Fulton,788,156,632,230,558,20,25,54,75,74,100,17,36,181,311,198,347
2012,12118,Saratoga,2532,432,2100,926,1606,63,89,224,305,287,394,72,157,498,1009,570,1166
2012,12120,Albany,78,6,72,31,47,0,0,8,9,8,9,0,0,10,16,10,16
2012,12121,Rensselaer,183,42,141,60,123,4,4,13,22,17,26,12,16,35,58,47,74
2012,12122,Schoharie,874,175,699,273,601,25,31,55,69,80,100,43,99,223,387,266,486
2012,12123,Rensselaer,743,137,606,264,479,18,23,52,59,70,82,20,34,158,285,178,319
2012,12124,Greene,39,10,29,13,26,2,3,3,9,5,12,1,5,4,6,5,11
2012,12125,Columbia,241,44,197,78,163,6,12,16,17,22,29,3,5,49,74,52,79
2012,12128,Albany,21,5,16,5,16,0,0,1,7,1,7,0,0,7,18,7,18
2012,12130,Columbia,147,30,117,43,104,4,5,12,16,16,21,2,4,34,70,36,74
2012,12131,Schoharie,31,12,19,4,27,1,3,5,19,6,22,2,4,9,28,11,32
2012,12132,Columbia,36,4,32,11,25,1,2,10,10,11,12,0,0,4,5,4,5
2012,12133,Rensselaer,25,4,21,6,19,0,0,1,1,1,1,0,0,5,7,5,7
2012,12134,Fulton,863,177,686,289,574,26,31,48,57,74,88,25,44,186,297,211,341
2012,12136,Columbia,67,14,53,18,49,3,3,9,14,12,17,2,3,13,29,15,32
2012,12137,Schenectady,249,33,216,87,162,4,7,11,13,15,20,4,4,59,106,63,110
2012,12138,Rensselaer,454,100,354,143,311,12,19,34,46,46,65,6,8,82,164,88,172
2012,12139,Hamilton,35,7,28,13,22,1,1,0,0,1,1,0,0,6,7,6,7
2012,12140,Rensselaer,152,31,121,53,99,6,7,16,20,22,27,7,12,37,78,44,90
2012,12141,Schenectady,8,0,8,2,6,0,0,0,0,0,0,0,0,1,1,1,1
2012,12143,Albany,959,140,819,357,602,23,29,92,133,115,162,27,58,193,442,220,500
2012,12144,Rensselaer,4368,669,3699,1759,2609,108,150,364,498,472,648,154,432,1128,2249,1282,2681
2012,12147,Albany,59,16,43,16,43,1,1,3,5,4,6,0,0,11,16,11,16
2012,12148,Saratoga,266,66,200,75,191,11,12,16,29,27,41,7,10,44,131,51,141
2012,12149,Schoharie,573,88,485,208,365,13,15,41,54,54,69,22,55,160,305,182,360
2012,12150,Schenectady,111,24,87,40,71,2,2,9,9,11,11,4,10,21,40,25,50
2012,12151,Saratoga,93,14,79,36,57,2,4,4,4,6,8,1,1,14,24,15,25
2012,12153,Rensselaer,90,11,79,31,59,1,1,10,12,11,13,1,1,25,56,26,57
2012,12154,Rensselaer,353,47,306,139,214,4,6,37,42,41,48,10,21,83,141,93,162
2012,12155,Otsego,341,74,267,117,224,10,12,28,45,38,57,14,35,57,202,71,237
2012,12156,Rensselaer,89,19,70,28,61,3,4,7,11,10,15,1,1,21,52,22,53
2012,12157,Schoharie,805,224,581,226,579,30,43,57,91,87,134,74,171,205,444,279,615
2012,12158,Albany,752,114,638,296,456,13,18,56,63,69,81,24,60,158,268,182,328
2012,12159,Albany,459,176,283,92,367,17,19,19,32,36,51,47,101,48,88,95,189
2012,12160,Schoharie,174,34,140,65,109,5,14,17,22,22,36,7,18,50,82,57,100
2012,12161,Albany,35,9,26,14,21,1,1,3,3,4,4,1,2,6,7,7,9
2012,12164,Hamilton,82,17,65,28,54,1,3,3,3,4,6,2,2,10,14,12,16
2012,12165,Columbia,29,4,25,9,20,0,0,0,0,0,0,1,1,3,3,4,4
2012,12166,Montgomery,326,55,271,123,203,11,16,14,22,25,38,7,14,69,119,76,133
2012,12167,Delaware,675,185,490,186,489,29,32,29,40,58,72,38,65,140,228,178,293
2012,12168,Rensselaer,312,52,260,109,203,2,2,11,13,13,15,5,8,57,138,62,146
2012,12169,Rensselaer,16,1,15,4,12,0,0,0,0,0,0,0,0,3,4,3,4
2012,12170,Saratoga,888,132,756,329,559,21,26,78,123,99,149,25,58,184,310,209,368
2012,12172,Columbia,290,51,239,111,179,9,13,34,42,43,55,13,45,91,180,104,225
2012,12173,Columbia,249,45,204,85,164,6,11,16,22,22,33,7,8,66,163,73,171
2012,12174,Columbia,70,11,59,32,38,3,7,6,7,9,14,2,4,18,29,20,33
2012,12175,Schoharie,166,26,140,63,103,2,3,17,18,19,21,7,31,43,73,50,104
2012,12176,Greene,28,6,22,10,18,1,1,2,5,3,6,0,0,6,7,6,7
2012,12177,Montgomery,101,18,83,28,73,3,5,6,7,9,12,5,9,22,35,27,44
2012,12180,Rensselaer,15658,2553,13105,5780,9878,524,804,1555,2223,2079,3027,848,2567,5968,15249,6816,17816
2012,12181,Rensselaer,175,51,124,54,121,9,11,21,28,30,39,17,40,62,159,79,199
2012,12182,Rensselaer,4014,642,3372,1584,2430,118,181,388,566,506,747,193,603,1533,3787,1726,4390
2012,12183,Albany,644,102,542,234,410,8,10,78,128,86,138,28,61,226,560,254,621
2012,12184,Columbia,891,250,641,280,611,46,70,79,103,125,173,46,117,142,328,188,445
2012,12185,Rensselaer,247,44,203,80,167,7,7,25,31,32,38,7,11,78,201,85,212
2012,12186,Albany,366,75,291,110,256,10,11,25,34,35,45,8,11,52,89,60,100
2012,12187,Schoharie,194,37,157,48,146,3,3,13,13,16,16,9,19,63,131,72,150
2012,12188,Saratoga,1591,272,1319,536,1055,52,70,146,199,198,269,64,141,363,857,427,998
2012,12189,Albany,3924,748,3176,1262,2662,114,159,330,467,444,626,179,478,1133,2859,1312,3337
2012,12190,Hamilton,136,20,116,58,78,2,2,11,15,13,17,2,2,28,59,30,61
2012,12192,Greene,278,87,191,75,203,10,15,11,20,21,35,15,32,37,59,52,91
2012,12193,Albany,292,53,239,96,196,9,9,17,21,26,30,5,16,43,74,48,90
2012,12194,Schoharie,38,8,30,11,27,2,2,2,3,4,5,1,1,10,15,11,16
2012,12195,Columbia,39,11,28,10,29,1,1,4,4,5,5,2,2,7,11,9,13
2012,12196,Rensselaer,252,64,188,68,184,12,12,16,20,28,32,12,20,48,108,60,128
2012,12197,Otsego,525,90,435,175,350,10,11,37,44,47,55,13,21,128,267,141,288
2012,12198,Rensselaer,834,198,636,259,575,32,48,61,89,93,137,34,76,195,403,229,479
2012,12201,Albany,233,51,182,47,186,9,16,29,42,38,58,17,100,83,259,100,359
2012,12202,Albany,5926,704,5222,2168,3758,154,255,695,970,849,1225,242,771,2107,4843,2349,5614
2012,12203,Albany,3515,877,2638,985,2530,140,195,296,394,436,589,196,433,739,1623,935,2056
2012,12204,Albany,1896,310,1586,722,1174,67,105,148,203,215,308,105,297,659,1525,764,1822
2012,12205,Albany,3955,790,3165,1268,2687,128,172,292,402,420,574,157,361,934,2057,1091,2418
2012,12206,Albany,9907,1232,8675,3761,6146,216,334,1024,1535,1240,1869,451,1250,3509,8467,3960,9717
2012,12207,Albany,1240,307,933,371,869,60,93,137,255,197,348,92,215,383,1120,475,1335
2012,12208,Albany,3994,857,3137,1216,2778,147,214,374,559,521,773,251,758,1049,2508,1300,3266
2012,12209,Albany,3106,347,2759,1203,1903,50,81,299,398,349,479,90,214,914,1927,1004,2141
2012,12210,Albany,4281,524,3757,1552,2729,98,157,465,688,563,845,177,498,1660,4238,1837,4736
2012,12211,Albany,750,289,461,172,578,57,72,38,58,95,130,45,86,103,224,148,310
2012,12212,Albany,51,20,31,6,45,2,7,2,2,4,9,5,20,6,10,11,30
2012,12220,Albany,25,4,21,12,13,0,0,2,2,2,2,0,0,4,16,4,16
2012,12222,Albany,33,0,33,2,31,0,0,1,1,1,1,0,0,8,12,8,12
2012,12223,Albany,2,0,2,1,1,0,0,2,2,2,2,0,0,1,1,1,1
2012,12224,Albany,4,1,3,2,2,0,0,0,0,0,0,0,0,0,0,0,0
2012,12225,Albany,1,0,1,0,1,0,0,0,0,0,0,0,0,0,0,0,0
2012,12226,Albany,4,0,4,0,4,0,0,1,1,1,1,0,0,3,5,3,5
2012,12228,Albany,1,0,1,0,1,0,0,0,0,0,0,0,0,0,0,0,0
2012,12229,Albany,3,0,3,0,3,0,0,1,2,1,2,0,0,0,0,0,0
2012,12230,Albany,1,0,1,0,1,0,0,0,0,0,0,0,0,0,0,0,0
2012,12233,Albany,4,0,4,2,2,0,0,0,0,0,0,0,0,1,1,1,1
2012,12234,Albany,1,0,1,0,1,0,0,0,0,0,0,0,0,0,0,0,0
2012,12239,Albany,1,0,1,1,0,0,0,0,0,0,0,0,0,1,3,1,3
2012,12240,Albany,1,0,1,1,0,0,0,0,0,0,0,0,0,0,0,0,0
2012,12249,Albany,6,2,4,2,4,1,1,1,1,2,2,1,7,0,0,1,7
2012,12250,Albany,18,3,15,7,11,1,1,2,3,3,4,2,3,5,16,7,19
2012,12255,Albany,2,0,2,1,1,0,0,1,1,1,1,0,0,1,9,1,9
2012,12301,Schenectady,312,98,214,83,229,10,12,21,33,31,45,25,74,93,204,118,278
2012,12302,Schenectady,2837,653,2184,881,1956,92,126,277,422,369,548,108,195,613,1261,721,1456
2012,12303,Schenectady,6844,969,5875,2726,4118,133,200,634,825,767,1025,202,439,2072,4312,2274,4751
2012,12304,Schenectady,7369,1029,6340,2874,4495,152,220,605,841,757,1061,247,551,2343,4984,2590,5535
2012,12305,Schenectady,2595,652,1943,657,1938,123,194,292,490,415,684,171,436,845,2222,1016,2658
2012,12306,Schenectady,4339,750,3589,1527,2812,109,145,379,527,488,672,126,238,1159,2460,1285,2698
2012,12307,Schenectady,5939,670,5269,2420,3519,140,241,626,853,766,1094,208,510,2155,4653,2363,5163
2012,12308,Schenectady,5380,669,4711,2160,3220,109,155,527,730,636,885,187,410,1894,4264,2081,4674
2012,12309,Schenectady,2402,573,1829,725,1677,95,118,141,202,236,320,83,152,456,853,539,1005
2012,12325,Schenectady,6,1,5,2,4,0,0,0,0,0,0,0,0,3,6,3,6
2012,12345,Schenectady,1,0,1,1,0,0,0,0,0,0,0,0,0,0,0,0,0
2012,12401,Ulster,10188,1977,8211,3487,6701,348,476,980,1357,1328,1833,584,1480,3054,6994,3638,8474
2012,12402,Ulster,597,186,411,158,439,28,37,50,80,78,117,71,204,174,375,245,579
2012,12404,Ulster,781,92,689,278,503,11,14,81,108,92,122,17,45,221,514,238,559
2012,12405,Greene,167,25,142,52,115,3,5,17,24,20,29,4,6,36,51,40,57
2012,12406,Delaware,243,60,183,72,171,8,11,22,29,30,40,17,40,77,171,94,211
2012,12407,Greene,72,16,56,16,56,1,1,4,4,5,5,3,8,9,15,12,23
2012,12409,Ulster,113,26,87,17,96,4,4,11,12,15,16,3,5,22,31,25,36
2012,12410,Ulster,88,14,74,31,57,2,2,6,9,8,11,3,6,24,54,27,60
2012,12411,Ulster,71,10,61,28,43,0,0,8,9,8,9,0,0,20,35,20,35
2012,12412,Ulster,135,28,107,41,94,4,4,5,7,9,11,4,6,26,36,30,42
2012,12413,Greene,991,183,808,320,671,28,33,79,102,107,135,31,53,212,365,243,418
2012,12414,Greene,3228,598,2630,1046,2182,122,168,304,443,426,611,110,195,695,1536,805,1731
2012,12416,Ulster,60,13,47,18,42,1,1,4,4,5,5,1,2,20,36,21,38
2012,12417,Ulster,173,23,150,78,95,1,1,15,18,16,19,3,3,47,87,50,90
2012,12418,Greene,120,13,107,41,79,4,4,9,11,13,15,2,12,18,25,20,37
2012,12419,Ulster,117,19,98,38,79,4,5,14,27,18,32,7,18,34,104,41,122
2012,12420,Ulster,33,5,28,10,23,0,0,6,6,6,6,2,3,6,10,8,13
2012,12421,Delaware,56,7,49,23,33,0,0,2,2,2,2,1,1,22,40,23,41
2012,12422,Greene,79,16,63,21,58,3,4,7,8,10,12,2,2,17,36,19,38
2012,12423,Greene,260,42,218,86,174,9,13,29,39,38,52,12,27,63,132,75,159
2012,12424,Greene,36,4,32,11,25,0,0,4,4,4,4,0,0,9,15,9,15
2012,12427,Greene,55,5,50,16,39,1,1,2,3,3,4,0,0,9,14,9,14
2012,12428,Ulster,2561,411,2150,933,1628,68,110,327,603,395,713,131,338,955,2002,1086,2340
2012,12429,Ulster,76,14,62,21,55,1,2,4,5,5,7,1,1,18,27,19,28
2012,12430,Delaware,288,33,255,134,154,2,2,20,23,22,25,7,21,66,112,73,133
2012,12431,Greene,281,60,221,78,203,12,17,28,37,40,54,11,23,50,87,61,110
2012,12432,Ulster,148,31,117,50,98,6,6,15,24,21,30,10,24,29,77,39,101
2012,12433,Ulster,54,12,42,17,37,1,1,2,2,3,3,1,1,15,21,16,22
2012,12434,Delaware,226,53,173,85,141,6,7,17,23,23,30,12,30,63,99,75,129
2012,12435,Ulster,90,18,72,24,66,5,5,5,15,10,20,8,10,25,42,33,52
2012,12436,Greene,117,17,100,41,76,4,5,7,7,11,12,1,6,19,26,20,32
2012,12438,Delaware,32,2,30,14,18,0,0,4,4,4,4,1,1,13,13,14,14
2012,12439,Greene,115,20,95,35,80,1,1,9,10,10,11,5,6,28,51,33,57
2012,12440,Ulster,256,40,216,70,186,3,4,9,15,12,19,8,14,41,71,49,85
2012,12441,Ulster,60,10,50,28,32,0,0,2,3,2,3,3,3,14,30,17,33
2012,12442,Greene,254,54,200,73,181,7,10,19,21,26,31,9,23,43,61,52,84
2012,12443,Ulster,444,81,363,139,305,10,12,34,43,44,55,13,24,97,197,110,221
2012,12444,Greene,63,9,54,18,45,0,0,7,16,7,16,3,4,11,22,14,26
2012,12446,Ulster,1082,152,930,348,734,28,34,132,219,160,253,37,87,322,707,359,794
2012,12448,Ulster,45,16,29,9,36,1,2,2,4,3,6,1,1,2,5,3,6
2012,12449,Ulster,970,277,693,233,737,59,89,96,161,155,250,80,144,246,550,326,694
2012,12450,Greene,48,15,33,10,38,2,2,2,2,4,4,2,2,7,10,9,12
2012,12451,Greene,322,62,260,93,229,8,11,26,34,34,45,6,7,60,126,66,133
2012,12452,Greene,39,14,25,10,29,4,4,1,2,5,6,0,0,6,12,6,12
2012,12453,Ulster,85,12,73,27,58,2,2,6,9,8,11,2,3,20,40,22,43
2012,12454,Greene,28,2,26,4,24,0,0,3,4,3,4,1,2,2,3,3,5
2012,12455,Delaware,342,106,236,88,254,13,19,26,31,39,50,30,64,93,242,123,306
2012,12456,Ulster,188,39,149,62,126,1,1,12,23,13,24,10,22,47,90,57,112
2012,12457,Ulster,135,29,106,36,99,4,5,6,10,10,15,5,8,24,60,29,68
2012,12458,Ulster,563,104,459,176,387,24,33,74,155,98,188,27,82,160,331,187,413
2012,12459,Delaware,33,8,25,8,25,0,0,0,0,0,0,3,5,3,4,6,9
2012,12460,Greene,100,10,90,38,62,4,5,9,11,13,16,3,3,19,27,22,30
2012,12461,Ulster,254,52,202,72,182,8,10,19,25,27,35,11,19,56,96,67,115
2012,12463,Greene,279,49,230,74,205,11,11,22,29,33,40,9,17,60,88,69,105
2012,12464,Ulster,223,44,179,60,163,12,20,27,50,39,70,11,15,45,121,56,136
2012,12465,Ulster,72,16,56,22,50,1,1,12,13,13,14,4,8,18,37,22,45
2012,12466,Ulster,511,110,401,144,367,21,25,60,88,81,113,32,100,151,397,183,497
2012,12468,Greene,241,46,195,86,155,7,8,11,18,18,26,7,14,43,84,50,98
2012,12469,Albany,110,22,88,35,75,4,6,7,10,11,16,5,18,25,52,30,70
2012,12470,Greene,178,28,150,60,118,2,4,14,26,16,30,7,18,41,75,48,93
2012,12471,Ulster,49,8,41,10,39,1,1,4,8,5,9,3,5,12,22,15,27
2012,12472,Ulster,343,85,258,81,262,17,22,33,52,50,74,16,48,69,158,85,206
2012,12473,Greene,126,17,109,47,79,3,4,13,22,16,26,4,8,24,45,28,53
2012,12474,Delaware,224,56,168,71,153,5,8,11,14,16,22,14,45,56,101,70,146
2012,12475,Ulster,85,7,78,31,54,1,1,7,11,8,12,4,7,21,39,25,46
2012,12477,Ulster,3478,705,2773,1078,2400,115,160,264,371,379,531,159,368,749,1593,908,1961
2012,12480,Ulster,118,27,91,35,83,3,4,11,13,14,17,3,7,26,36,29,43
2012,12481,Ulster,184,29,155,59,125,4,6,19,28,23,34,6,16,35,85,41,101
2012,12482,Greene,268,60,208,70,198,8,9,27,40,35,49,14,24,64,116,78,140
2012,12483,Ulster,122,20,102,46,76,2,2,9,15,11,17,6,10,36,88,42,98
2012,12484,Ulster,345,58,287,117,228,6,15,27,45,33,60,7,8,81,159,88,167
2012,12485,Greene,245,35,210,71,174,4,4,14,19,18,23,5,8,41,71,46,79
2012,12486,Ulster,140,25,115,31,109,3,3,18,32,21,35,3,3,36,93,39,96
2012,12487,Ulster,557,177,380,149,408,12,20,52,64,64,84,23,71,86,167,109,238
2012,12489,Ulster,188,22,166,69,119,3,4,26,36,29,40,7,27,77,209,84,236
2012,12490,Ulster,50,15,35,10,40,3,3,2,3,5,6,3,9,10,26,13,35
2012,12491,Ulster,244,50,194,66,178,7,14,26,31,33,45,11,27,58,95,69,122
2012,12492,Greene,43,12,31,13,30,3,3,6,6,9,9,2,2,6,8,8,10
2012,12493,Ulster,64,19,45,14,50,2,2,9,11,11,13,2,6,15,27,17,33
2012,12494,Ulster,48,19,29,7,41,3,5,5,6,8,11,1,1,7,19,8,20
2012,12495,Ulster,38,4,34,12,26,0,0,1,1,1,1,1,1,4,10,5,11
2012,12496,Greene,280,58,222,82,198,9,11,15,23,24,34,9,16,42,68,51,84
2012,12498,Ulster,701,189,512,149,552,21,27,49,76,70,103,33,65,124,218,157,283
2012,12501,Dutchess,279,32,247,119,160,6,7,25,29,31,36,5,8,69,185,74,193
2012,12502,Columbia,178,37,141,68,110,6,9,16,24,22,33,6,11,45,62,51,73
2012,12503,Columbia,87,17,70,28,59,0,0,3,4,3,4,1,1,26,36,27,37
2012,12504,Dutchess,1,0,1,0,1,0,0,0,0,0,0,0,0,0,0,0,0
2012,12506,Dutchess,2,1,1,1,1,0,0,0,0,0,0,0,0,0,0,0,0
2012,12507,Dutchess,23,2,21,9,14,1,1,0,0,1,1,0,0,9,17,9,17
2012,12508,Dutchess,3800,850,2950,1266,2534,151,198,333,433,484,631,171,373,719,1268,890,1641
2012,12510,Dutchess,16,3,13,4,12,1,1,4,5,5,6,0,0,5,12,5,12
2012,12511,Dutchess,11,3,8,4,7,0,0,0,0,0,0,1,4,2,9,3,13
2012,12512,Dutchess,24,10,14,4,20,1,1,2,2,3,3,2,3,3,6,5,9
2012,12513,Columbia,133,39,94,33,100,5,16,7,8,12,24,10,18,28,61,38,79
2012,12514,Dutchess,194,44,150,51,143,7,17,12,19,19,36,5,9,37,66,42,75
2012,12515,Ulster,325,52,273,116,209,8,12,25,29,33,41,10,13,64,126,74,139
2012,12516,Columbia,273,91,182,71,202,6,6,20,33,26,39,9,10,54,135,63,145
2012,12517,Columbia,106,11,95,41,65,1,1,18,30,19,31,3,4,40,96,43,100
2012,12518,Orange,409,80,329,117,292,11,14,29,38,40,52,18,41,90,193,108,234
2012,12520,Orange,175,24,151,46,129,3,3,11,34,14,37,4,13,42,96,46,109
2012,12521,Columbia,276,32,244,88,188,4,6,30,48,34,54,3,9,83,200,86,209
2012,12522,Dutchess,856,146,710,334,522,20,28,103,168,123,196,13,27,230,502,243,529
2012,12523,Columbia,269,39,230,86,183,9,10,22,26,31,36,11,18,69,134,80,152
2012,12524,Dutchess,1466,356,1110,399,1067,58,78,132,185,190,263,44,89,264,439,308,528
2012,12525,Ulster,394,63,331,122,272,14,15,23,28,37,43,11,14,79,124,90,138
2012,12526,Columbia,643,146,497,201,442,19,26,45,54,64,80,27,58,117,206,144,264
2012,12527,Dutchess,87,18,69,29,58,1,1,10,14,11,15,3,6,14,30,17,36
2012,12528,Ulster,2177,535,1642,647,1530,119,194,174,245,293,439,130,261,487,986,617,1247
2012,12529,Columbia,404,58,346,138,266,12,16,41,53,53,69,6,23,120,254,126,277
2012,12530,Columbia,29,9,20,8,21,2,4,2,2,4,6,1,3,8,17,9,20
2012,12531,Dutchess,347,133,214,75,272,40,54,35,48,75,102,16,28,52,108,68,136
2012,12533,Dutchess,1766,319,1447,550,1216,36,46,132,180,168,226,27,50,319,604,346,654
2012,12534,Columbia,5125,972,4153,1705,3420,156,222,471,690,627,912,225,455,1619,3720,1844,4175
2012,12537,Dutchess,40,7,33,14,26,0,0,2,2,2,2,1,1,7,12,8,13
2012,12538,Dutchess,1803,424,1379,568,1235,81,104,160,228,241,332,100,254,484,1050,584,1304
2012,12540,Dutchess,549,95,454,170,379,13,19,38,62,51,81,10,21,104,223,114,244
2012,12541,Columbia,103,72,31,10,93,24,32,2,6,26,38,16,32,6,7,22,39
2012,12542,Ulster,876,141,735,287,589,35,52,80,130,115,182,28,60,193,373,221,433
2012,12543,Orange,549,99,450,174,375,23,29,40,63,63,92,25,46,114,229,139,275
2012,12544,Columbia,98,69,29,9,89,13,16,3,3,16,19,20,34,8,10,28,44
2012,12545,Dutchess,525,134,391,159,366,23,26,29,56,52,82,22,48,84,185,106,233
2012,12546,Dutchess,453,69,384,181,272,12,20,38,47,50,67,3,3,133,347,136,350
2012,12547,Ulster,426,73,353,129,297,8,11,39,60,47,71,11,21,115,227,126,248
2012,12548,Ulster,306,56,250,87,219,12,18,30,39,42,57,17,39,82,152,99,191
2012,12549,Orange,1077,229,848,369,708,47,66,85,121,132,187,50,120,183,290,233,410
2012,12550,Orange,16941,1888,15053,7458,9483,331,489,1821,2591,2152,3080,525,1369,4917,10693,5442,12062
2012,12551,Orange,353,86,267,102,251,18,27,40,63,58,90,39,135,111,330,150,465
2012,12552,Orange,26,3,23,6,20,0,0,6,6,6,6,1,2,3,5,4,7
2012,12553,Orange,3231,537,2694,1153,2078,93,151,285,372,378,523,111,235,713,1324,824,1559
2012,12555,Orange,1,0,1,0,1,0,0,0,0,0,0,0,0,0,0,0,0
2012,12561,Ulster,1683,343,1340,480,1203,66,97,140,184,206,281,73,131,300,654,373,785
2012,12563,Putnam,561,137,424,220,341,24,30,45,58,69,88,27,65,88,140,115,205
2012,12564,Dutchess,646,184,462,201,445,43,60,65,91,108,151,35,60,94,180,129,240
2012,12565,Columbia,717,153,564,258,459,36,49,66,107,102,156,27,45,209,450,236,495
2012,12566,Ulster,1405,212,1193,508,897,29,39,117,166,146,205,40,85,243,439,283,524
2012,12567,Dutchess,376,59,317,137,239,12,15,30,35,42,50,10,23,105,192,115,215
2012,12568,Ulster,373,63,310,142,231,15,22,33,43,48,65,16,28,99,176,115,204
2012,12569,Dutchess,1377,357,1020,405,972,39,47,101,165,140,212,79,137,305,682,384,819
2012,12570,Dutchess,446,79,367,153,293,11,14,45,63,56,77,9,26,86,161,95,187
2012,12571,Dutchess,970,224,746,278,692,18,21,72,91,90,112,32,54,203,422,235,476
2012,12572,Dutchess,978,378,600,225,753,67,79,90,207,157,286,61,131,180,421,241,552
2012,12574,Dutchess,52,17,35,13,39,1,1,3,12,4,13,7,9,10,26,17,35
2012,12575,Orange,171,20,151,53,118,2,2,20,36,22,38,2,3,45,77,47,80
2012,12577,Orange,139,28,111,37,102,6,7,13,14,19,21,6,14,26,48,32,62
2012,12578,Dutchess,219,44,175,76,143,6,10,17,23,23,33,7,23,48,110,55,133
2012,12580,Dutchess,649,208,441,163,486,41,53,56,78,97,131,49,90,146,280,195,370
2012,12581,Dutchess,282,43,239,99,183,8,8,27,40,35,48,10,20,71,172,81,192
2012,12582,Dutchess,274,45,229,100,174,4,4,13,15,17,19,7,14,50,99,57,113
2012,12583,Dutchess,331,62,269,107,224,10,11,26,44,36,55,10,20,64,110,74,130
2012,12584,Orange,81,31,50,17,64,3,6,8,10,11,16,3,14,10,22,13,36
2012,12585,Dutchess,95,19,76,33,62,1,1,2,6,3,7,4,4,21,33,25,37
2012,12586,Orange,2162,295,1867,829,1333,49,66,218,323,267,389,52,221,497,989,549,1210
2012,12588,Ulster,50,6,44,15,35,2,2,8,11,10,13,2,3,10,18,12,21
2012,12589,Ulster,1730,232,1498,657,1073,35,52,171,244,206,296,46,104,450,899,496,1003
2012,12590,Dutchess,4237,718,3519,1490,2747,127,175,361,519,488,694,116,242,916,1711,1032,1953
2012,12592,Dutchess,204,60,144,61,143,11,13,16,18,27,31,16,28,47,90,63,118
2012,12594,Dutchess,610,75,535,235,375,6,9,64,93,70,102,7,14,139,301,146,315
2012,12601,Dutchess,13483,2113,11370,5341,8142,394,530,1467,2118,1861,2648,598,1633,4214,9952,4812,11585
2012,12602,Dutchess,280,58,222,71,209,13,15,29,40,42,55,20,45,106,262,126,307
2012,12603,Dutchess,5398,962,4436,1958,3440,142,194,414,631,556,825,171,388,1303,2987,1474,3375
2012,12604,Dutchess,7,1,6,1,6,0,0,3,3,3,3,0,0,0,0,0,0
2012,12701,Sullivan,4792,810,3982,1760,3032,123,182,458,648,581,830,195,420,1396,2903,1591,3323
2012,12719,Sullivan,224,14,210,91,133,3,3,39,72,42,75,2,2,85,183,87,185
2012,12720,Sullivan,40,8,32,12,28,1,1,4,5,5,6,1,1,6,7,7,8
2012,12721,Sullivan,1199,142,1057,481,718,13,19,99,124,112,143,28,63,262,449,290,512
2012,12722,Sullivan,116,8,108,49,67,0,0,14,18,14,18,3,9,34,65,37,74
2012,12723,Sullivan,184,44,140,58,126,2,2,8,8,10,10,10,23,46,108,56,131
2012,12724,Sullivan,47,5,42,16,31,1,1,2,2,3,3,1,1,13,15,14,16
2012,12725,Ulster,29,6,23,12,17,0,0,5,5,5,5,0,0,4,8,4,8
2012,12726,Sullivan,125,27,98,36,89,2,2,9,12,11,14,2,2,43,80,45,82
2012,12729,Orange,542,64,478,217,325,7,9,44,72,51,81,14,57,176,448,190,505
2012,12732,Sullivan,71,26,45,15,56,2,3,4,4,6,7,3,8,9,21,12,29
2012,12733,Sullivan,841,28,813,486,355,1,1,90,100,91,101,2,3,89,140,91,143
2012,12734,Sullivan,318,52,266,122,196,6,9,29,36,35,45,10,16,78,147,88,163
2012,12736,Sullivan,13,5,8,2,11,1,2,0,0,1,2,2,2,3,5,5,7
2012,12737,Sullivan,251,42,209,95,156,8,9,16,21,24,30,13,26,81,180,94,206
2012,12738,Sullivan,67,7,60,27,40,3,4,5,11,8,15,1,2,15,28,16,30
2012,12740,Sullivan,259,45,214,94,165,2,3,19,25,21,28,9,12,67,137,76,149
2012,12741,Sullivan,39,8,31,14,25,2,2,2,3,4,5,1,1,15,35,16,36
2012,12742,Sullivan,437,126,311,138,299,20,28,34,58,54,86,22,35,99,189,121,224
2012,12743,Sullivan,45,8,37,18,27,2,2,4,4,6,6,1,1,11,20,12,21
2012,12745,Sullivan,42,10,32,11,31,0,0,3,4,3,4,2,2,15,27,17,29
2012,12746,Orange,259,37,222,101,158,6,7,26,37,32,44,8,26,87,174,95,200
2012,12747,Sullivan,441,48,393,158,283,6,9,64,94,70,103,8,13,155,275,163,288
2012,12748,Sullivan,397,84,313,130,267,19,22,34,48,53,70,25,53,113,227,138,280
2012,12749,Sullivan,124,38,86,35,89,6,7,12,18,18,25,3,8,36,80,39,88
2012,12750,Sullivan,53,7,46,19,34,0,0,3,3,3,3,1,1,15,22,16,23
2012,12751,Sullivan,730,31,699,441,289,3,3,68,83,71,86,6,6,91,137,97,143
2012,12752,Sullivan,64,11,53,19,45,3,4,7,10,10,14,2,3,26,68,28,71
2012,12754,Sullivan,2669,684,1985,912,1757,153,208,252,372,405,580,167,382,700,1487,867,1869
2012,12758,Sullivan,952,170,782,322,630,17,19,85,119,102,138,22,39,214,404,236,443
2012,12759,Sullivan,1141,211,930,452,689,33,41,90,106,123,147,53,99,292,595,345,694
2012,12760,Delaware,78,19,59,15,63,2,3,13,14,15,17,2,4,30,70,32,74
2012,12762,Sullivan,159,20,139,54,105,3,3,18,22,21,25,3,6,45,108,48,114
2012,12763,Sullivan,205,30,175,80,125,2,5,13,18,15,23,5,8,42,91,47,99
2012,12764,Sullivan,306,87,219,78,228,19,29,27,43,46,72,26,49,93,180,119,229
2012,12765,Sullivan,122,15,107,48,74,1,2,6,8,7,10,2,7,34,70,36,77
2012,12766,Sullivan,73,15,58,23,50,2,3,9,9,11,12,1,16,19,38,20,54
2012,12767,Sullivan,5,0,5,1,4,0,0,1,1,1,1,0,0,3,3,3,3
2012,12768,Sullivan,220,29,191,63,157,6,6,30,34,36,40,7,18,72,145,79,163
2012,12769,Sullivan,57,9,48,20,37,0,0,7,8,7,8,4,8,15,36,19,44
2012,12770,Sullivan,44,6,38,17,27,0,0,3,5,3,5,1,3,11,22,12,25
2012,12771,Orange,4108,628,3480,1548,2560,103,138,417,588,520,726,186,476,1565,3937,1751,4413
2012,12775,Sullivan,381,55,326,140,241,15,21,43,53,58,74,14,39,76,145,90,184
2012,12776,Delaware,421,118,303,114,307,27,29,29,34,56,63,18,29,80,157,98,186
2012,12777,Sullivan,83,15,68,31,52,0,0,8,9,8,9,2,3,19,36,21,39
2012,12778,Sullivan,167,33,134,59,108,5,6,13,23,18,29,4,5,43,78,47,83
2012,12779,Sullivan,1115,103,1012,536,579,16,20,118,142,134,162,24,39,346,667,370,706
2012,12780,Orange,452,72,380,163,289,7,15,45,57,52,72,19,41,146,323,165,364
2012,12781,Sullivan,42,9,33,11,31,1,1,6,8,7,9,1,1,6,11,7,12
2012,12783,Sullivan,431,71,360,134,297,4,5,48,75,52,80,16,31,138,306,154,337
2012,12784,Sullivan,74,11,63,26,48,1,1,4,5,5,6,2,2,20,32,22,34
2012,12785,Sullivan,152,27,125,48,104,5,8,13,18,18,26,6,14,33,64,39,78
2012,12786,Sullivan,129,26,103,47,82,1,1,10,13,11,14,3,3,41,66,44,69
2012,12787,Sullivan,133,21,112,46,87,3,4,5,6,8,10,5,7,41,65,46,72
2012,12788,Sullivan,507,58,449,193,314,6,6,47,62,53,68,6,11,141,274,147,285
2012,12789,Sullivan,658,95,563,273,385,10,11,51,66,61,77,13,27,143,248,156,275
2012,12790,Sullivan,902,167,735,298,604,21,30,81,107,102,137,33,85,199,400,232,485
2012,12791,Sullivan,149,21,128,55,94,2,2,10,16,12,18,5,14,39,90,44,104
2012,12792,Sullivan,99,19,80,29,70,3,3,4,4,7,7,5,8,25,48,30,56
2012,12801,Warren,4383,1075,3308,1339,3044,178,266,398,554,576,820,223,582,1027,2383,1250,2965
2012,12803,Saratoga,1219,308,911,367,852,46,56,83,123,129,179,37,93,233,463,270,556
2012,12804,Warren,3907,928,2979,1276,2631,139,185,287,413,426,598,139,297,770,1548,909,1845
2012,12808,Warren,28,5,23,5,23,1,1,2,2,3,3,1,1,8,14,9,15
2012,12809,Washington,690,159,531,248,442,29,41,46,65,75,106,17,22,150,266,167,288
2012,12810,Warren,153,34,119,59,94,3,3,15,23,18,26,4,4,29,86,33,90
2012,12811,Warren,89,13,76,37,52,2,4,14,19,16,23,3,4,19,32,22,36
2012,12812,Hamilton,9,1,8,3,6,0,0,0,0,0,0,0,0,0,0,0,0
2012,12814,Warren,169,41,128,42,127,5,5,14,15,19,20,7,8,10,16,17,24
2012,12815,Warren,235,30,205,101,134,2,2,10,15,12,17,2,4,38,76,40,80
2012,12816,Washington,875,213,662,292,583,33,42,60,74,93,116,15,27,109,227,124,254
2012,12817,Warren,429,73,356,156,273,13,16,34,39,47,55,9,18,62,106,71,124
2012,12819,Washington,87,14,73,28,59,0,0,6,6,6,6,2,2,24,33,26,35
2012,12820,Warren,22,1,21,10,12,1,1,3,3,4,4,1,2,5,7,6,9
2012,12821,Washington,85,18,67,25,60,0,0,5,8,5,8,2,2,17,32,19,34
2012,12822,Saratoga,1533,291,1242,550,983,37,45,125,168,162,213,60,112,327,691,387,803
2012,12823,Washington,50,8,42,16,34,0,0,5,11,5,11,3,10,9,23,12,33
2012,12824,Warren,82,16,66,29,53,2,3,9,11,11,14,1,1,13,26,14,27
2012,12827,Washington,698,126,572,242,456,11,13,37,64,48,77,6,14,138,307,144,321
2012,12828,Saratoga,2369,449,1920,863,1506,69,96,193,251,262,347,68,130,550,1110,618,1240
2012,12831,Saratoga,2052,347,1705,698,1354,45,57,154,202,199,259,48,116,390,686,438,802
2012,12832,Washington,1820,363,1457,654,1166,57,80,129,171,186,251,35,94,329,562,364,656
2012,12833,Saratoga,668,125,543,214,454,15,20,41,55,56,75,21,57,163,298,184,355
2012,12834,Washington,939,180,759,335,604,22,25,71,84,93,109,21,41,137,243,158,284
2012,12835,Saratoga,645,102,543,221,424,12,13,49,66,61,79,20,32,142,247,162,279
2012,12836,Warren,100,29,71,33,67,8,11,9,13,17,24,7,16,24,56,31,72
2012,12837,Washington,175,28,147,63,112,3,3,5,13,8,16,2,11,32,47,34,58
2012,12838,Washington,120,19,101,41,79,1,1,8,9,9,10,9,14,22,38,31,52
2012,12839,Washington,3664,643,3021,1305,2359,80,122,289,375,369,497,116,292,970,1980,1086,2272
2012,12841,Washington,3,1,2,0,3,0,0,0,0,0,0,1,1,1,1,2,2
2012,12842,Hamilton,171,48,123,36,135,2,3,11,17,13,20,1,1,13,16,14,17
2012,12843,Warren,105,26,79,28,77,2,2,7,8,9,10,1,1,20,27,21,28
2012,12844,Washington,16,11,5,2,14,1,2,0,0,1,2,1,2,1,2,2,4
2012,12845,Warren,730,172,558,188,542,27,36,75,95,102,131,22,69,146,263,168,332
2012,12846,Warren,687,117,570,248,439,10,12,54,58,64,70,18,42,137,261,155,303
2012,12847,Hamilton,100,19,81,33,67,1,1,11,16,12,17,3,9,13,15,16,24
2012,12848,Washington,25,7,18,6,19,0,0,0,0,0,0,0,0,6,10,6,10
2012,12849,Washington,105,19,86,38,67,1,1,11,14,12,15,4,11,18,27,22,38
2013,10184,New York,1,0,1,0,1,0,0,0,0,0,0,0,0,0,0,0,0
2012,12850,Saratoga,413,49,364,125,288,5,7,35,45,40,52,5,14,77,142,82,156
2012,12851,Essex,80,14,66,23,57,1,1,8,10,9,11,0,0,12,31,12,31
2012,12852,Essex,52,10,42,16,36,1,1,3,9,4,10,0,0,4,10,4,10
2012,12853,Warren,324,85,239,117,207,13,14,22,28,35,42,11,15,36,88,47,103
2012,12854,Washington,88,22,66,28,60,1,1,4,5,5,6,6,7,9,16,15,23
2012,12855,Essex,50,13,37,13,37,0,0,4,4,4,4,0,0,12,30,12,30
2012,12856,Warren,26,7,19,9,17,2,2,0,0,2,2,1,1,3,4,4,5
2012,12857,Essex,100,27,73,32,68,2,5,4,4,6,9,4,5,4,4,8,9
2012,12858,Essex,14,2,12,4,10,0,0,2,2,2,2,0,0,5,11,5,11
2012,12859,Saratoga,400,63,337,142,258,10,14,45,51,55,65,11,22,100,213,111,235
2012,12860,Warren,210,29,181,89,121,2,2,18,19,20,21,2,4,22,33,24,37
2012,12861,Washington,94,9,85,43,51,2,2,9,14,11,16,4,13,33,69,37,82
2012,12862,Warren,11,1,10,5,6,0,0,1,1,1,1,0,0,1,1,1,1
2012,12863,Saratoga,102,15,87,27,75,3,4,13,14,16,18,5,8,22,47,27,55
2012,12864,Hamilton,4,3,1,0,4,1,2,0,0,1,2,0,0,0,0,0,0
2012,12865,Washington,815,122,693,320,495,13,17,49,63,62,80,5,20,153,219,158,239
2012,12866,Saratoga,4643,1176,3467,1209,3434,168,217,350,543,518,760,231,510,884,2096,1115,2606
2012,12870,Essex,313,59,254,107,206,7,9,20,25,27,34,13,25,58,107,71,132
2012,12871,Saratoga,699,104,595,234,465,9,12,47,62,56,74,14,28,133,244,147,272
2012,12872,Essex,11,6,5,0,11,1,1,0,0,1,1,2,2,2,2,4,4
2012,12873,Washington,67,18,49,16,51,2,2,6,6,8,8,1,1,7,16,8,17
2012,12874,Warren,3,1,2,0,3,0,0,0,0,0,0,0,0,0,0,0,0
2012,12878,Warren,128,24,104,45,83,3,3,8,10,11,13,3,3,22,52,25,55
2012,12879,Essex,1,0,1,1,0,0,0,0,0,0,0,0,0,0,0,0,0
2012,12883,Essex,1326,253,1073,431,895,26,40,111,138,137,178,83,199,416,932,499,1131
2012,12884,Saratoga,154,23,131,55,99,0,0,15,19,15,19,4,22,28,48,32,70
2012,12885,Warren,1157,258,899,395,762,46,56,91,108,137,164,26,43,180,328,206,371
2012,12886,Warren,66,15,51,23,43,3,5,3,6,6,11,1,7,6,15,7,22
2012,12887,Washington,1340,239,1101,484,856,20,32,66,82,86,114,41,90,269,522,310,612
2012,12901,Clinton,9135,1911,7224,2633,6502,334,449,787,1087,1121,1536,512,1208,2659,6651,3171,7859
2012,12903,Clinton,182,96,86,29,153,19,28,9,36,28,64,34,54,22,66,56,120
2012,12910,Clinton,571,116,455,181,390,18,25,33,36,51,61,26,49,152,324,178,373
2012,12911,Clinton,4,0,4,0,4,0,0,1,1,1,1,0,0,1,1,1,1
2012,12912,Clinton,553,132,421,168,385,17,21,57,65,74,86,24,43,141,295,165,338
2012,12913,Essex,167,44,123,53,114,4,6,13,18,17,24,7,13,39,96,46,109
2012,12914,Franklin,262,43,219,97,165,5,5,34,40,39,45,12,24,69,147,81,171
2012,12915,Franklin,35,10,25,9,26,0,0,3,8,3,8,1,1,5,5,6,6
2012,12916,Franklin,749,129,620,251,498,24,30,88,141,112,171,22,51,221,506,243,557
2012,12917,Franklin,386,55,331,132,254,5,7,22,22,27,29,8,13,89,164,97,177
2012,12918,Clinton,407,71,336,141,266,12,14,37,57,49,71,14,17,98,218,112,235
2012,12919,Clinton,853,204,649,251,602,36,49,61,72,97,121,27,46,196,433,223,479
2012,12920,Franklin,566,134,432,170,396,14,17,44,63,58,80,17,31,126,275,143,306
2012,12921,Clinton,441,80,361,128,313,9,11,26,32,35,43,11,19,116,266,127,285
2012,12922,St Lawrence,12,3,9,2,10,0,0,0,0,0,0,1,1,3,3,4,4
2012,12923,Clinton,161,43,118,39,122,7,7,18,20,25,27,7,12,37,67,44,79
2012,12924,Clinton,47,6,41,19,28,1,2,10,10,11,12,2,4,13,18,15,22
2012,12926,Franklin,638,115,523,206,432,15,19,58,89,73,108,25,52,187,461,212,513
2012,12927,St Lawrence,14,5,9,3,11,1,1,2,5,3,6,0,0,5,5,5,5
2012,12928,Essex,514,97,417,178,336,11,13,39,58,50,71,23,63,141,277,164,340
2012,12929,Clinton,327,48,279,126,201,5,5,26,33,31,38,10,20,97,199,107,219
2012,12930,Franklin,119,39,80,30,89,5,8,3,3,8,11,9,23,19,31,28,54
2012,12932,Essex,299,80,219,73,226,17,24,16,16,33,40,22,50,80,208,102,258
2012,12933,Clinton,20,4,16,6,14,0,0,2,2,2,2,0,0,11,15,11,15
2012,12934,Clinton,289,74,215,90,199,9,11,18,27,27,38,8,11,67,118,75,129
2012,12935,Clinton,426,102,324,121,305,23,28,24,37,47,65,21,37,98,237,119,274
2012,12936,Essex,119,17,102,48,71,0,0,8,9,8,9,1,1,37,65,38,66
2012,12937,Franklin,448,93,355,134,314,19,22,31,41,50,63,16,25,97,225,113,250
2012,12939,Franklin,49,10,39,15,34,2,3,1,2,3,5,3,8,16,28,19,36
2012,12941,Essex,194,43,151,58,136,8,12,18,23,26,35,13,59,39,72,52,131
2012,12942,Essex,83,20,63,25,58,0,0,7,9,7,9,2,2,16,27,18,29
2012,12943,Essex,59,22,37,12,47,6,10,5,8,11,18,9,12,16,24,25,36
2012,12944,Essex,1285,293,992,352,933,46,57,102,142,148,199,64,122,361,770,425,892
2012,12945,Franklin,85,15,70,24,61,1,1,4,4,5,5,0,0,20,29,20,29
2012,12946,Essex,865,223,642,247,618,36,48,62,98,98,146,61,178,243,540,304,718
2012,12949,St Lawrence,28,2,26,15,13,0,0,1,2,1,2,1,1,8,13,9,14
2012,12950,Essex,218,42,176,79,139,3,3,22,25,25,28,6,13,79,159,85,172
2012,12952,Clinton,219,52,167,72,147,3,3,21,23,24,26,11,31,48,80,59,111
2012,12953,Franklin,3637,863,2774,1079,2558,140,216,299,481,439,697,177,460,1038,2710,1215,3170
2012,12955,Clinton,72,16,56,27,45,2,2,7,8,9,10,2,2,14,23,16,25
2012,12956,Essex,378,62,316,142,236,8,8,31,37,39,45,6,14,105,217,111,231
2012,12957,Franklin,641,104,537,232,409,17,22,57,93,74,115,19,33,163,385,182,418
2012,12958,Clinton,493,118,375,137,356,17,21,32,40,49,61,15,34,125,308,140,342
2012,12959,Clinton,340,73,267,103,237,12,14,27,38,39,52,16,28,86,164,102,192
2012,12960,Essex,182,45,137,53,129,4,5,10,12,14,17,8,20,48,91,56,111
2012,12961,Essex,46,16,30,8,38,1,1,1,2,2,3,1,1,11,16,12,17
2012,12962,Clinton,1103,242,861,347,756,34,47,71,100,105,147,38,73,301,596,339,669
2012,12964,Essex,10,5,5,0,10,2,3,2,3,4,6,2,5,3,9,5,14
2012,12965,St Lawrence,176,18,158,65,111,4,6,18,24,22,30,4,8,56,118,60,126
2012,12966,Franklin,807,163,644,239,568,29,36,74,106,103,142,32,66,213,407,245,473
2012,12967,St Lawrence,382,68,314,137,245,10,14,46,81,56,95,19,65,127,287,146,352
2012,12969,Franklin,80,19,61,22,58,3,3,3,6,6,9,2,4,18,52,20,56
2012,12970,Franklin,22,3,19,10,12,0,0,2,2,2,2,0,0,4,4,4,4
2012,12972,Clinton,1137,216,921,369,768,39,52,94,123,133,175,33,63,279,574,312,637
2012,12973,St Lawrence,30,7,23,10,20,1,1,3,3,4,4,1,1,7,11,8,12
2012,12974,Essex,603,258,345,118,485,18,19,34,53,52,72,69,108,119,262,188,370
2012,12975,Essex,41,15,26,13,28,2,2,3,6,5,8,2,2,6,15,8,17
2012,12976,Franklin,13,1,12,2,11,0,0,2,2,2,2,1,2,4,9,5,11
2012,12977,Essex,25,4,21,5,20,2,2,2,2,4,4,2,10,8,11,10,21
2012,12978,Clinton,103,15,88,31,72,3,4,6,6,9,10,4,7,25,60,29,67
2012,12979,Clinton,535,107,428,156,379,19,23,50,54,69,77,19,33,133,291,152,324
2012,12980,Franklin,364,82,282,96,268,13,16,27,32,40,48,18,34,90,163,108,197
2012,12981,Clinton,433,84,349,133,300,13,13,35,40,48,53,12,19,80,171,92,190
2012,12983,Franklin,1460,263,1197,441,1019,29,39,144,218,173,257,68,176,460,980,528,1156
2012,12985,Clinton,353,66,287,118,235,8,13,23,32,31,45,10,14,86,166,96,180
2012,12986,Franklin,1072,309,763,295,777,37,52,85,115,122,167,69,129,210,369,279,498
2012,12987,Essex,47,15,32,11,36,4,4,2,2,6,6,4,8,8,14,12,22
2012,12989,Franklin,110,27,83,27,83,5,6,5,7,10,13,3,3,21,51,24,54
2012,12992,Clinton,1156,243,913,359,797,37,43,81,113,118,156,57,131,307,695,364,826
2012,12993,Essex,276,71,205,67,209,6,6,23,39,29,45,14,18,61,128,75,146
2012,12995,Franklin,13,6,7,2,11,1,1,0,0,1,1,1,5,1,1,2,6
2012,12996,Essex,387,88,299,118,269,5,6,34,40,39,46,11,21,99,199,110,220
2012,12997,Essex,219,44,175,64,155,6,10,9,16,15,26,11,44,49,128,60,172
2012,12998,Essex,219,34,185,80,139,5,8,18,18,23,26,6,17,64,117,70,134
2012,13020,Onondaga,39,6,33,11,28,1,1,4,4,5,5,2,2,4,8,6,10
2012,13021,Cayuga,10275,1870,8405,3585,6690,307,415,881,1206,1188,1621,491,1326,2762,6048,3253,7374
2012,13022,Cayuga,11,0,11,3,8,0,0,2,2,2,2,0,0,4,4,4,4
2012,13024,Cayuga,6,3,3,1,5,1,6,0,0,1,6,1,12,0,0,1,12
2012,13026,Cayuga,160,28,132,47,113,2,3,8,17,10,20,3,6,27,42,30,48
2012,13027,Onondaga,3803,717,3086,1286,2517,98,126,313,432,411,558,96,203,585,1149,681,1352
2012,13028,Oswego,333,49,284,125,208,3,4,22,23,25,27,5,9,39,78,44,87
2012,13029,Onondaga,1030,161,869,377,653,21,31,85,107,106,138,18,51,159,259,177,310
2012,13030,Madison,659,84,575,222,437,7,8,49,68,56,76,9,15,114,315,123,330
2012,13031,Onondaga,1500,245,1255,510,990,23,26,113,142,136,168,29,49,233,376,262,425
2012,13032,Madison,2885,426,2459,1044,1841,52,68,249,332,301,400,58,122,850,1912,908,2034
2012,13033,Cayuga,835,111,724,326,509,17,22,77,100,94,122,17,43,134,235,151,278
2012,13034,Cayuga,274,48,226,102,172,6,8,22,31,28,39,9,14,49,90,58,104
2012,13035,Madison,689,111,578,224,465,19,22,59,75,78,97,9,14,118,228,127,242
2012,13036,Oswego,1947,278,1669,709,1238,40,46,144,200,184,246,31,81,274,478,305,559
2012,13037,Madison,1472,279,1193,490,982,34,40,127,177,161,217,35,99,311,603,346,702
2012,13039,Onondaga,1523,242,1281,515,1008,19,31,129,173,148,204,27,45,225,370,252,415
2012,13040,Cortland,779,117,662,294,485,21,24,67,80,88,104,17,34,142,253,159,287
2012,13041,Onondaga,1146,126,1020,473,673,13,21,97,132,110,153,18,49,164,301,182,350
2012,13042,Oneida,589,74,515,242,347,9,11,43,48,52,59,7,10,126,217,133,227
2012,13043,Madison,17,4,13,6,11,1,1,2,2,3,3,1,2,3,5,4,7
2012,13044,Oswego,545,71,474,188,357,6,6,53,70,59,76,5,7,83,152,88,159
2012,13045,Cortland,7537,1391,6146,2457,5080,253,377,709,1025,962,1402,205,472,1757,4070,1962,4542
2012,13051,Onondaga,27,7,20,8,19,1,1,0,0,1,1,0,0,2,7,2,7
2012,13052,Madison,410,67,343,163,247,14,18,23,31,37,49,11,14,70,144,81,158
2012,13053,Tompkins,800,133,667,277,523,19,23,80,108,99,131,11,22,152,315,163,337
2012,13054,Oneida,257,36,221,95,162,3,3,13,16,16,19,4,11,69,129,73,140
2012,13056,Cortland,1,0,1,0,1,0,0,0,0,0,0,0,0,0,0,0,0
2012,13057,Onondaga,2450,511,1939,800,1650,70,108,197,276,267,384,82,189,424,1007,506,1196
2012,13060,Onondaga,531,87,444,201,330,7,14,44,50,51,64,17,53,84,137,101,190
2012,13061,Madison,113,15,98,33,80,1,2,6,7,7,9,4,6,28,45,32,51
2012,13062,Tompkins,37,6,31,12,25,2,2,1,1,3,3,0,0,13,24,13,24
2012,13063,Onondaga,200,24,176,86,114,3,3,16,19,19,22,0,0,28,42,28,42
2012,13064,Cayuga,55,9,46,17,38,3,3,5,7,8,10,2,3,8,11,10,14
2012,13065,Seneca,44,5,39,18,26,1,2,3,3,4,5,0,0,8,17,8,17
2012,13066,Onondaga,789,166,623,253,536,20,33,60,78,80,111,25,65,72,129,97,194
2012,13068,Tompkins,1093,159,934,437,656,19,22,81,98,100,120,7,22,186,324,193,346
2012,13069,Oswego,8941,1148,7793,3380,5561,181,263,869,1132,1050,1395,201,510,1665,3031,1866,3541
2012,13071,Cayuga,201,31,170,83,118,2,4,27,32,29,36,4,9,43,133,47,142
2012,13072,Madison,232,35,197,91,141,4,6,10,13,14,19,7,7,58,102,65,109
2012,13073,Tompkins,1322,213,1109,495,827,20,28,100,130,120,158,11,31,209,372,220,403
2012,13074,Oswego,1377,126,1251,518,859,10,18,113,164,123,182,14,35,275,544,289,579
2012,13076,Oswego,493,59,434,169,324,5,5,41,44,46,49,10,19,78,134,88,153
2012,13077,Cortland,1405,233,1172,523,882,38,65,122,167,160,232,24,49,243,472,267,521
2012,13078,Onondaga,812,208,604,221,591,24,38,55,80,79,118,14,18,109,191,123,209
2012,13080,Onondaga,550,99,451,196,354,9,9,42,56,51,65,16,38,90,139,106,177
2012,13081,Cayuga,155,22,133,65,90,2,4,16,19,18,23,1,1,21,28,22,29
2012,13082,Madison,852,161,691,289,563,10,11,54,77,64,88,19,36,158,277,177,313
2012,13083,Oswego,456,54,402,152,304,6,6,34,45,40,51,8,17,72,113,80,130
2012,13084,Onondaga,546,83,463,212,334,11,13,46,60,57,73,12,18,109,199,121,217
2012,13087,Cortland,49,13,36,16,33,4,5,0,0,4,5,2,4,11,17,13,21
2012,13088,Onondaga,3349,575,2774,1097,2252,62,98,268,395,330,493,72,160,540,1068,612,1228
2012,13089,Onondaga,49,7,42,19,30,1,1,8,10,9,11,1,2,6,8,7,10
2012,13090,Onondaga,3841,452,3389,1526,2315,51,63,346,435,397,498,62,117,613,1183,675,1300
2012,13092,Cayuga,538,72,466,209,329,11,13,36,42,47,55,6,15,103,160,109,175
2012,13093,Oswego,21,2,19,9,12,1,1,4,7,5,8,0,0,5,11,5,11
2012,13101,Cortland,685,93,592,257,428,17,17,67,85,84,102,15,17,161,266,176,283
2012,13102,Tompkins,66,11,55,21,45,0,0,8,11,8,11,2,2,11,17,13,19
2012,13103,Oswego,217,25,192,84,133,4,6,18,21,22,27,6,14,39,67,45,81
2012,13104,Onondaga,998,220,778,319,679,28,39,73,98,101,137,29,57,120,244,149,301
2012,13107,Oswego,12,2,10,2,10,0,0,0,0,0,0,2,2,1,2,3,4
2012,13108,Onondaga,542,86,456,194,348,9,11,42,63,51,74,6,8,102,177,108,185
2012,13110,Onondaga,231,37,194,75,156,3,3,21,30,24,33,9,15,35,53,44,68
2012,13111,Cayuga,496,61,435,191,305,9,10,32,45,41,55,9,17,108,196,117,213
2012,13112,Onondaga,217,22,195,86,131,2,3,12,17,14,20,3,5,28,41,31,46
2012,13113,Cayuga,43,7,36,15,28,3,3,2,2,5,5,0,0,15,26,15,26
2012,13114,Oswego,1719,221,1498,622,1097,34,55,153,251,187,306,52,163,346,672,398,835
2012,13115,Oswego,71,6,65,30,41,0,0,3,4,3,4,2,2,16,40,18,42
2012,13116,Onondaga,503,122,381,178,325,11,13,39,51,50,64,12,17,53,95,65,112
2012,13117,Cayuga,56,14,42,13,43,3,3,4,5,7,8,1,1,6,9,7,10
2012,13118,Cayuga,1103,211,892,387,716,30,39,69,88,99,127,30,53,201,316,231,369
2012,13119,Onondaga,15,3,12,4,11,1,1,0,0,1,1,1,3,2,2,3,5
2012,13120,Onondaga,659,64,595,276,383,10,13,71,102,81,115,10,26,146,237,156,263
2012,13121,Oswego,70,12,58,22,48,1,4,4,4,5,8,2,4,13,23,15,27
2012,13122,Madison,156,21,135,57,99,3,3,11,12,14,15,2,2,27,57,29,59
2012,13123,Oneida,105,23,82,29,76,2,2,11,12,13,14,2,2,27,46,29,48
2012,13124,Chenango,36,4,32,16,20,0,0,6,8,6,8,1,1,6,13,7,14
2012,13126,Oswego,8459,1451,7008,2875,5584,231,296,729,997,960,1293,285,661,2290,4929,2575,5590
2012,13131,Oswego,983,118,865,335,648,16,22,69,86,85,108,16,41,152,240,168,281
2012,13132,Oswego,840,94,746,295,545,10,10,74,87,84,97,10,11,123,189,133,200
2012,13134,Madison,27,4,23,11,16,1,2,2,4,3,6,2,4,7,9,9,13
2012,13135,Oswego,1572,185,1387,584,988,26,29,131,177,157,206,22,55,268,441,290,496
2012,13136,Chenango,181,17,164,61,120,4,6,10,14,14,20,2,3,42,69,44,72
2012,13137,Onondaga,26,3,23,12,14,0,0,3,3,3,3,1,1,7,28,8,29
2012,13138,Onondaga,30,3,27,16,14,0,0,5,10,5,10,0,0,3,4,3,4
2012,13139,Cayuga,9,1,8,6,3,0,0,1,1,1,1,0,0,3,3,3,3
2012,13140,Cayuga,1031,160,871,366,665,19,24,93,123,112,147,41,68,236,425,277,493
2012,13141,Cortland,137,21,116,59,78,0,0,15,16,15,16,2,2,28,61,30,63
2012,13142,Oswego,1527,260,1267,489,1038,35,40,128,178,163,218,31,65,241,513,272,578
2012,13143,Wayne,803,101,702,326,477,13,15,49,53,62,68,14,20,175,283,189,303
2012,13144,Oswego,471,57,414,183,288,7,7,43,53,50,60,5,10,81,142,86,152
2012,13145,Oswego,537,76,461,197,340,11,14,64,77,75,91,11,17,101,159,112,176
2012,13146,Wayne,537,98,439,195,342,13,16,27,30,40,46,18,40,161,299,179,339
2012,13147,Cayuga,202,18,184,87,115,2,2,14,16,16,18,3,10,44,65,47,75
2012,13148,Seneca,2223,389,1834,757,1466,44,65,165,223,209,288,64,132,571,1095,635,1227
2012,13152,Onondaga,442,114,328,123,319,10,11,34,42,44,53,10,19,50,78,60,97
2012,13153,Onondaga,46,9,37,21,25,2,3,0,0,2,3,2,2,3,4,5,6
2012,13154,Wayne,33,7,26,16,17,1,1,0,0,1,1,2,4,7,12,9,16
2012,13155,Chenango,184,31,153,62,122,6,8,16,16,22,24,5,10,36,57,41,67
2012,13156,Cayuga,326,60,266,106,220,9,15,30,37,39,52,7,15,74,130,81,145
2012,13157,Oneida,169,42,127,45,124,9,13,8,11,17,24,3,6,38,57,41,63
2012,13158,Cortland,443,66,377,161,282,16,20,32,37,48,57,13,15,69,138,82,153
2012,13159,Onondaga,581,88,493,215,366,7,8,44,61,51,69,4,13,81,159,85,172
2012,13160,Cayuga,262,62,200,81,181,11,16,19,27,30,43,18,24,53,113,71,137
2012,13162,Oneida,57,15,42,10,47,2,3,3,4,5,7,4,6,16,23,20,29
2012,13163,Madison,173,18,155,95,78,0,0,15,25,15,25,2,6,49,119,51,125
2012,13164,Onondaga,302,32,270,115,187,5,7,27,39,32,46,4,12,42,77,46,89
2012,13165,Seneca,2449,532,1917,813,1636,84,103,182,252,266,355,102,167,593,1212,695,1379
2012,13166,Cayuga,1114,222,892,382,732,46,56,85,114,131,170,56,181,224,397,280,578
2012,13167,Oswego,665,70,595,265,400,8,8,53,67,61,75,8,9,112,192,120,201
2012,13201,Onondaga,182,60,122,41,141,16,17,14,28,30,45,19,58,41,126,60,184
2012,13202,Onondaga,3870,483,3387,1337,2533,84,144,414,724,498,868,126,345,1140,2934,1266,3279
2012,13203,Onondaga,8557,1383,7174,2847,5710,267,398,768,1087,1035,1485,360,1073,2463,5625,2823,6698
2012,13204,Onondaga,12098,1333,10765,5035,7063,221,307,1250,1803,1471,2110,354,1086,3698,7990,4052,9076
2012,13205,Onondaga,10614,1920,8694,4210,6404,359,501,954,1371,1313,1872,381,933,2652,5812,3033,6745
2012,13206,Onondaga,4833,669,4164,1708,3125,103,141,414,577,517,718,132,409,1208,2441,1340,2850
2012,13207,Onondaga,5375,484,4891,2321,3054,55,77,492,670,547,747,98,233,1498,3137,1596,3370
2012,13208,Onondaga,12884,1369,11515,5053,7831,224,334,1157,1576,1381,1910,349,1006,3776,8437,4125,9443
2012,13209,Onondaga,2937,437,2500,1063,1874,50,70,271,346,321,416,76,176,563,1099,639,1275
2012,13210,Onondaga,5031,807,4224,1821,3210,181,256,469,637,650,893,174,452,1200,2565,1374,3017
2012,13211,Onondaga,1866,215,1651,757,1109,23,32,189,257,212,289,33,79,357,749,390,828
2012,13212,Onondaga,3552,710,2842,1178,2374,108,152,265,376,373,528,120,307,575,1085,695,1392
2012,13214,Onondaga,1227,268,959,378,849,24,29,85,129,109,158,33,59,199,370,232,429
2012,13215,Onondaga,1412,562,850,327,1085,67,74,79,107,146,181,57,102,192,359,249,461
2012,13217,Onondaga,36,10,26,9,27,2,5,1,1,3,6,4,6,4,8,8,14
2012,13218,Onondaga,787,349,438,55,732,84,129,92,328,176,457,135,639,210,1168,345,1807
2012,13219,Onondaga,1886,493,1393,553,1333,56,69,119,156,175,225,47,114,298,623,345,737
2012,13220,Onondaga,61,15,46,19,42,0,0,4,5,4,5,2,9,9,13,11,22
2012,13221,Onondaga,3,2,1,0,3,1,1,0,0,1,1,0,0,0,0,0,0
2012,13224,Onondaga,2539,279,2260,947,1592,41,52,248,325,289,377,53,128,634,1282,687,1410
2012,13235,Onondaga,7,0,7,2,5,0,0,0,0,0,0,0,0,2,38,2,38
2012,13244,Onondaga,1,0,1,0,1,0,0,0,0,0,0,0,0,0,0,0,0
2012,13252,Onondaga,3,1,2,1,2,0,0,2,2,2,2,0,0,0,0,0,0
2012,13261,Onondaga,1,0,1,0,1,0,0,0,0,0,0,0,0,0,0,0,0
2012,13290,Onondaga,44,18,26,1,43,0,0,12,35,12,35,6,9,12,127,18,136
2012,13301,Oneida,34,6,28,14,20,1,2,1,1,2,3,0,0,5,8,5,8
2012,13302,Oswego,618,65,553,225,393,12,14,53,94,65,108,14,21,121,235,135,256
2012,13303,Oneida,147,18,129,54,93,2,2,13,14,15,16,1,1,33,56,34,57
2012,13304,Oneida,171,39,132,57,114,5,5,12,16,17,21,5,6,30,46,35,52
2012,13305,Lewis,73,12,61,28,45,2,3,8,8,10,11,1,1,14,19,15,20
2012,13308,Oneida,965,115,850,392,573,12,14,76,89,88,103,11,18,254,479,265,497
2012,13309,Oneida,1327,297,1030,431,896,42,51,92,127,134,178,40,72,290,560,330,632
2012,13310,Madison,167,24,143,70,97,1,2,7,8,8,10,6,16,62,119,68,135
2012,13312,Lewis,59,11,48,22,37,0,0,2,2,2,2,0,0,12,19,12,19
2012,13313,Oneida,228,34,194,86,142,6,8,21,27,27,35,8,25,61,91,69,116
2012,13314,Madison,158,26,132,64,94,5,6,22,27,27,33,3,12,34,81,37,93
2012,13315,Otsego,256,58,198,76,180,3,3,26,34,29,37,14,30,63,133,77,163
2012,13316,Oneida,1396,224,1172,498,898,27,32,103,138,130,170,29,45,334,647,363,692
2012,13317,Montgomery,879,143,736,315,564,26,31,61,74,87,105,31,52,210,408,241,460
2012,13318,Oneida,255,33,222,89,166,3,3,28,36,31,39,5,5,53,89,58,94
2012,13319,Oneida,285,24,261,114,171,2,2,22,34,24,36,2,7,76,153,78,160
2012,13320,Otsego,399,90,309,132,267,8,8,34,41,42,49,11,19,91,178,102,197
2012,13321,Oneida,296,52,244,100,196,6,13,29,35,35,48,9,18,67,145,76,163
2012,13322,Oneida,232,43,189,81,151,8,16,20,22,28,38,5,11,39,61,44,72
2012,13323,Oneida,1240,472,768,273,967,75,97,58,96,133,193,68,131,164,342,232,473
2012,13324,Herkimer,480,79,401,166,314,14,22,44,61,58,83,7,24,84,119,91,143
2012,13325,Lewis,208,31,177,73,135,2,3,10,11,12,14,0,0,38,46,38,46
2012,13326,Otsego,955,275,680,300,655,29,34,50,75,79,109,37,101,202,401,239,502
2012,13327,Lewis,444,102,342,146,298,4,5,36,44,40,49,5,5,83,196,88,201
2012,13328,Oneida,190,24,166,62,128,4,5,12,13,16,18,4,8,41,69,45,77
2012,13329,Fulton,1151,219,932,415,736,37,46,82,125,119,171,44,92,305,560,349,652
2012,13331,Herkimer,28,8,20,7,21,0,0,2,2,2,2,1,1,4,4,5,5
2012,13332,Madison,606,71,535,225,381,3,4,37,39,40,43,14,21,182,363,196,384
2012,13333,Otsego,27,11,16,5,22,1,1,3,3,4,4,1,1,7,13,8,14
2012,13334,Madison,299,41,258,109,190,3,4,19,40,22,44,15,30,89,174,104,204
2012,13335,Otsego,372,102,270,112,260,7,7,20,21,27,28,9,12,73,114,82,126
2012,13337,Otsego,85,15,70,28,57,0,0,1,1,1,1,1,1,29,48,30,49
2012,13338,Oneida,292,55,237,90,202,5,8,26,43,31,51,6,24,43,69,49,93
2012,13339,Montgomery,1943,340,1603,686,1257,33,41,110,143,143,184,59,100,469,841,528,941
2012,13340,Herkimer,1891,332,1559,626,1265,48,66,133,174,181,240,47,88,353,589,400,677
2012,13341,Oneida,20,6,14,6,14,0,0,0,0,0,0,0,0,5,6,5,6
2012,13342,Otsego,20,7,13,5,15,1,1,0,0,1,1,1,2,3,19,4,21
2012,13343,Lewis,460,83,377,160,300,9,11,28,31,37,42,5,7,116,220,121,227
2012,13345,Lewis,56,10,46,16,40,0,0,6,7,6,7,0,0,16,29,16,29
2012,13346,Madison,450,112,338,135,315,23,29,36,47,59,76,20,32,102,197,122,229
2012,13348,Otsego,264,42,222,100,164,8,12,18,25,26,37,5,11,78,143,83,154
2012,13350,Herkimer,3298,799,2499,1019,2279,120,146,280,412,400,558,148,279,716,1495,864,1774
2012,13352,Oneida,88,18,70,26,62,2,2,9,16,11,18,1,1,15,34,16,35
2012,13353,Hamilton,19,4,15,5,14,2,3,0,0,2,3,0,0,1,1,1,1
2012,13354,Oneida,553,65,488,202,351,7,11,41,54,48,65,9,12,111,200,120,212
2012,13355,Madison,225,48,177,78,147,5,6,19,28,24,34,15,24,66,114,81,138
2012,13357,Herkimer,3285,580,2705,1184,2101,83,111,289,378,372,489,93,202,772,1344,865,1546
2012,13360,Hamilton,62,8,54,23,39,1,3,6,10,7,13,1,1,12,13,13,14
2012,13361,Herkimer,165,31,134,53,112,1,1,18,20,19,21,3,4,36,69,39,73
2012,13362,Oneida,9,1,8,5,4,0,0,0,0,0,0,0,0,3,4,3,4
2012,13363,Oneida,544,65,479,206,338,7,9,52,67,59,76,9,15,149,308,158,323
2012,13364,Madison,84,10,74,26,58,0,0,7,10,7,10,0,0,17,28,17,28
2012,13365,Herkimer,2430,528,1902,792,1638,65,92,208,260,273,352,108,275,771,1684,879,1959
2012,13367,Lewis,1776,400,1376,584,1192,57,73,176,236,233,309,35,60,443,1109,478,1169
2012,13368,Lewis,356,68,288,125,231,10,11,27,38,37,49,2,2,92,233,94,235
2012,13401,Oneida,19,2,17,3,16,0,0,1,1,1,1,0,0,4,16,4,16
2012,13402,Madison,400,52,348,155,245,5,5,33,42,38,47,13,22,121,243,134,265
2012,13403,Oneida,482,74,408,153,329,13,17,40,49,53,66,14,29,91,202,105,231
2012,13404,Lewis,73,8,65,23,50,1,9,2,6,3,15,1,28,21,44,22,72
2012,13406,Herkimer,150,51,99,36,114,10,12,7,9,17,21,8,27,26,48,34,75
2012,13407,Herkimer,1217,254,963,389,828,28,37,89,131,117,168,35,63,294,534,329,597
2012,13408,Madison,663,161,502,220,443,27,31,63,79,90,110,30,46,184,358,214,404
2012,13409,Madison,508,64,444,190,318,8,14,40,55,48,69,13,29,133,322,146,351
2012,13410,Montgomery,142,32,110,45,97,4,8,18,22,22,30,7,9,32,74,39,83
2012,13411,Chenango,947,202,745,320,627,32,39,65,83,97,122,33,83,217,426,250,509
2012,13413,Oneida,1777,719,1058,408,1369,109,136,99,135,208,271,112,352,217,425,329,777
2012,13415,Otsego,29,11,18,7,22,4,5,0,0,4,5,3,3,6,15,9,18
2012,13416,Herkimer,402,78,324,132,270,10,10,29,43,39,53,8,19,62,84,70,103
2012,13417,Oneida,600,130,470,198,402,18,24,37,44,55,68,17,33,103,146,120,179
2012,13418,Madison,69,11,58,27,42,1,1,14,17,15,18,2,6,13,19,15,25
2012,13420,Herkimer,178,44,134,51,127,5,8,16,19,21,27,5,10,19,30,24,40
2012,13421,Madison,3700,825,2875,1153,2547,96,122,329,476,425,598,118,259,1147,2889,1265,3148
2012,13424,Oneida,407,130,277,116,291,19,25,31,42,50,67,18,41,73,121,91,162
2012,13425,Oneida,437,79,358,164,273,13,16,32,48,45,64,18,34,108,183,126,217
2012,13426,Oswego,124,17,107,21,103,12,15,16,35,28,50,3,13,18,52,21,65
2012,13428,Montgomery,364,105,259,110,254,21,24,19,23,40,47,18,23,77,118,95,141
2012,13431,Herkimer,341,54,287,124,217,7,7,22,25,29,32,10,13,54,85,64,98
2012,13433,Lewis,630,105,525,239,391,9,9,65,81,74,90,7,10,172,334,179,344
2012,13435,Oneida,56,3,53,25,31,1,1,6,6,7,7,1,1,15,35,16,36
2012,13436,Hamilton,11,3,8,1,10,0,0,2,2,2,2,0,0,1,1,1,1
2012,13437,Oswego,115,18,97,38,77,2,3,9,10,11,13,2,2,9,12,11,14
2012,13438,Oneida,638,92,546,246,392,16,23,45,73,61,96,11,25,124,244,135,269
2012,13439,Otsego,993,171,822,359,634,18,26,84,113,102,139,9,10,226,368,235,378
2012,13440,Oneida,11433,2210,9223,4018,7415,385,514,1109,1538,1494,2052,465,1103,3394,7253,3859,8356
2012,13441,Oneida,7,3,4,2,5,1,2,1,3,2,5,1,1,2,2,3,3
2012,13442,Oneida,441,201,240,73,368,24,29,28,35,52,64,47,83,92,206,139,289
2012,13450,Otsego,78,10,68,27,51,3,3,6,6,9,9,1,1,17,24,18,25
2012,13452,Fulton,1410,242,1168,490,920,33,38,91,121,124,159,55,98,397,729,452,827
2012,13454,Herkimer,245,39,206,88,157,5,6,14,19,19,25,7,11,68,137,75,148
2012,13455,Oneida,14,6,8,2,12,1,1,2,2,3,3,0,0,3,6,3,6
2012,13456,Oneida,537,102,435,186,351,13,22,36,48,49,70,19,74,84,121,103,195
2012,13457,Otsego,68,17,51,18,50,2,2,5,6,7,8,2,7,14,27,16,34
2012,13459,Schoharie,492,99,393,155,337,15,19,28,51,43,70,23,42,120,187,143,229
2012,13460,Chenango,1265,251,1014,425,840,28,38,97,126,125,164,49,143,382,750,431,893
2012,13461,Oneida,357,98,259,99,258,9,10,26,36,35,46,7,17,66,148,73,165
2012,13464,Chenango,330,53,277,103,227,5,6,36,42,41,48,8,11,99,207,107,218
2012,13465,Madison,1,1,0,0,1,0,0,0,0,0,0,0,0,0,0,0,0
2012,13468,Otsego,78,16,62,24,54,3,3,4,5,7,8,1,1,17,20,18,21
2012,13469,Oneida,105,15,90,38,67,2,3,9,12,11,15,3,4,17,24,20,28
2012,13470,Fulton,229,42,187,83,146,3,3,19,23,22,26,5,8,57,100,62,108
2012,13471,Oneida,1055,138,917,397,658,17,20,75,97,92,117,24,73,314,577,338,650
2012,13472,Herkimer,18,3,15,2,16,0,0,0,0,0,0,0,0,3,4,3,4
2012,13473,Lewis,183,35,148,64,119,5,5,17,20,22,25,2,4,48,92,50,96
2012,13475,Otsego,25,8,17,7,18,0,0,1,4,1,4,0,0,8,22,8,22
2012,13476,Oneida,589,84,505,211,378,6,7,49,72,55,79,14,27,156,308,170,335
2012,13477,Oneida,291,31,260,107,184,4,4,28,34,32,38,5,18,76,146,81,164
2012,13478,Oneida,486,61,425,203,283,6,6,50,55,56,61,10,23,137,308,147,331
2012,13479,Oneida,24,5,19,3,21,0,0,4,4,4,4,0,0,4,12,4,12
2012,13480,Oneida,761,189,572,264,497,22,30,51,61,73,91,20,41,118,207,138,248
2012,13482,Otsego,10,2,8,2,8,0,0,0,0,0,0,0,0,3,6,3,6
2012,13483,Oneida,101,12,89,46,55,1,1,2,3,3,4,2,6,31,54,33,60
2012,13484,Madison,75,5,70,34,41,0,0,1,1,1,1,1,2,33,75,34,77
2012,13485,Madison,274,43,231,101,173,6,6,23,25,29,31,11,17,64,98,75,115
2012,13486,Oneida,139,17,122,51,88,2,3,15,21,17,24,1,1,30,50,31,51
2012,13488,Otsego,79,11,68,31,48,0,0,7,8,7,8,1,2,28,40,29,42
2012,13489,Lewis,149,17,132,64,85,0,0,18,20,18,20,2,5,41,83,43,88
2012,13490,Oneida,210,24,186,92,118,4,5,17,27,21,32,4,6,33,51,37,57
2012,13491,Herkimer,800,133,667,299,501,12,23,66,86,78,109,21,34,140,241,161,275
2012,13492,Oneida,1459,292,1167,454,1005,50,70,142,196,192,266,55,109,277,468,332,577
2012,13493,Oswego,615,71,544,250,365,14,19,54,69,68,88,8,15,118,192,126,207
2012,13494,Oneida,54,9,45,20,34,0,0,6,6,6,6,1,1,11,15,12,16
2012,13495,Oneida,397,71,326,126,271,8,10,40,54,48,64,19,35,74,160,93,195
2012,13501,Oneida,21846,3326,18520,8135,13711,613,819,1998,2818,2611,3637,707,1733,5011,9905,5718,11638
2012,13502,Oneida,11783,1812,9971,4305,7478,337,466,1184,1779,1521,2245,415,1143,2912,5980,3327,7123
2012,13503,Oneida,315,96,219,87,228,13,17,22,36,35,53,27,62,78,140,105,202
2012,13504,Oneida,280,198,82,32,248,50,77,9,14,59,91,33,63,22,35,55,98
2012,13505,Oneida,141,37,104,49,92,7,8,10,12,17,20,16,29,31,55,47,84
2012,13601,Jefferson,11349,2033,9316,3802,7547,334,434,1107,1563,1441,1997,352,658,3290,8324,3642,8982
2012,13602,Jefferson,32,3,29,18,14,1,2,1,1,2,3,2,2,7,16,9,18
2012,13603,Jefferson,220,20,200,124,96,1,4,16,22,17,26,2,3,30,61,32,64
2012,13605,Jefferson,1156,199,957,421,735,31,34,95,116,126,150,26,45,277,529,303,574
2012,13606,Jefferson,520,79,441,173,347,16,20,37,49,53,69,12,28,118,262,130,290
2012,13607,Jefferson,382,81,301,112,270,10,16,25,35,35,51,10,15,121,273,131,288
2012,13608,Jefferson,464,65,399,160,304,17,25,30,36,47,61,16,41,147,328,163,369
2012,13611,Jefferson,50,10,40,14,36,0,0,1,3,1,3,0,0,11,13,11,13
2012,13612,Jefferson,639,114,525,212,427,22,32,60,68,82,100,21,60,203,424,224,484
2012,13613,St Lawrence,746,122,624,258,488,21,26,64,98,85,124,28,65,265,519,293,584
2012,13614,St Lawrence,138,26,112,55,83,1,1,15,17,16,18,3,3,48,109,51,112
2012,13615,Jefferson,225,54,171,63,162,4,5,20,25,24,30,6,9,50,98,56,107
2012,13616,Jefferson,260,36,224,92,168,5,9,21,36,26,45,5,8,64,155,69,163
2012,13617,St Lawrence,2283,528,1755,604,1679,80,100,207,303,287,403,88,196,562,1284,650,1480
2012,13618,Jefferson,310,65,245,100,210,9,12,15,18,24,30,5,11,70,108,75,119
2012,13619,Jefferson,2373,390,1983,871,1502,51,66,202,249,253,315,51,99,798,1756,849,1855
2012,13620,Lewis,418,85,333,163,255,6,9,24,28,30,37,4,4,82,124,86,128
2012,13621,St Lawrence,206,43,163,67,139,8,12,14,23,22,35,15,21,70,166,85,187
2012,13622,Jefferson,457,63,394,170,287,4,4,20,29,24,33,6,7,85,135,91,142
2012,13623,St Lawrence,15,2,13,6,9,0,0,0,0,0,0,0,0,5,5,5,5
2012,13624,Jefferson,788,164,624,243,545,16,19,67,92,83,111,15,22,211,415,226,437
2012,13625,St Lawrence,339,82,257,93,246,6,10,27,32,33,42,10,11,89,183,99,194
2012,13626,Lewis,403,88,315,134,269,8,12,39,45,47,57,6,16,87,175,93,191
2012,13627,Lewis,10,4,6,0,10,0,0,0,0,0,0,0,0,0,0,0,0
2012,13628,Jefferson,43,6,37,13,30,1,1,7,8,8,9,1,1,12,26,13,27
2012,13630,St Lawrence,339,84,255,106,233,14,19,22,32,36,51,8,13,71,126,79,139
2012,13631,Lewis,1,0,1,0,1,0,0,0,0,0,0,0,0,0,0,0,0
2012,13632,Jefferson,73,8,65,26,47,3,3,6,10,9,13,1,1,13,28,14,29
2012,13633,St Lawrence,59,12,47,18,41,1,1,7,9,8,10,1,1,20,53,21,54
2012,13634,Jefferson,865,141,724,305,560,21,26,66,73,87,99,22,37,186,340,208,377
2012,13635,St Lawrence,385,60,325,143,242,10,15,31,37,41,52,13,25,110,235,123,260
2012,13636,Jefferson,56,9,47,16,40,1,2,3,3,4,5,1,1,12,17,13,18
2012,13637,Jefferson,538,82,456,193,345,7,8,45,51,52,59,7,8,97,256,104,264
2012,13638,Jefferson,109,18,91,41,68,3,4,9,12,12,16,2,2,29,47,31,49
2012,13639,St Lawrence,95,16,79,33,62,2,3,11,17,13,20,1,5,25,67,26,72
2012,13640,Jefferson,27,6,21,7,20,0,0,0,0,0,0,1,1,9,16,10,17
2012,13641,Jefferson,16,3,13,6,10,1,1,1,1,2,2,0,0,3,9,3,9
2012,13642,St Lawrence,2803,512,2291,935,1868,84,125,278,386,362,511,146,310,1026,2350,1172,2660
2012,13643,Jefferson,71,12,59,28,43,1,2,6,7,7,9,1,1,17,70,18,71
2012,13645,St Lawrence,42,6,36,13,29,0,0,4,4,4,4,0,0,16,34,16,34
2012,13646,St Lawrence,649,116,533,209,440,18,24,54,93,72,117,16,42,210,497,226,539
2012,13647,St Lawrence,37,15,22,5,32,3,3,2,2,5,5,0,0,5,6,5,6
2012,13648,St Lawrence,538,111,427,188,350,17,22,40,48,57,70,11,14,144,299,155,313
2012,13649,St Lawrence,31,5,26,11,20,1,3,3,4,4,7,1,2,11,22,12,24
2012,13650,Jefferson,296,62,234,101,195,7,8,27,32,34,40,8,8,67,109,75,117
2012,13651,Jefferson,22,5,17,10,12,0,0,6,8,6,8,0,0,3,3,3,3
2012,13652,St Lawrence,635,110,525,245,390,10,11,40,58,50,69,11,28,167,333,178,361
2012,13654,St Lawrence,456,96,360,153,303,9,10,32,45,41,55,11,13,130,270,141,283
2012,13655,Franklin,1137,110,1027,449,688,20,26,132,190,152,216,29,74,285,544,314,618
2012,13656,Jefferson,787,101,686,290,497,12,14,69,90,81,104,20,35,258,550,278,585
2012,13657,Jefferson,5,1,4,2,3,0,0,0,0,0,0,1,1,3,11,4,12
2012,13658,St Lawrence,581,111,470,203,378,12,23,48,67,60,90,12,21,158,326,170,347
2012,13659,Jefferson,171,27,144,68,103,6,6,18,30,24,36,3,12,39,86,42,98
2012,13660,St Lawrence,539,83,456,197,342,14,16,54,74,68,90,19,38,188,455,207,493
2012,13661,Jefferson,346,49,297,118,228,5,6,21,25,26,31,3,3,59,114,62,117
2012,13662,St Lawrence,4849,885,3964,1633,3216,158,222,488,740,646,962,279,666,1856,4824,2135,5490
2012,13664,St Lawrence,109,29,80,26,83,1,1,8,12,9,13,5,10,39,103,44,113
2012,13665,Lewis,277,35,242,119,158,5,7,21,25,26,32,9,14,95,241,104,255
2012,13666,St Lawrence,114,13,101,37,77,1,1,20,27,21,28,1,1,48,76,49,77
2012,13667,St Lawrence,1023,167,856,366,657,29,36,104,138,133,174,44,91,368,876,412,967
2012,13668,St Lawrence,721,121,600,256,465,19,23,65,88,84,111,23,45,248,539,271,584
2012,13669,St Lawrence,4549,904,3645,1424,3125,124,154,414,629,538,783,126,260,1603,4395,1729,4655
2012,13670,St Lawrence,164,24,140,50,114,0,0,6,9,6,9,1,2,32,62,33,64
2012,13671,Jefferson,9,2,7,4,5,1,3,2,2,3,5,1,4,3,8,4,12
2012,13672,St Lawrence,167,39,128,45,122,6,8,11,19,17,27,2,4,46,87,48,91
2012,13673,Jefferson,524,88,436,181,343,13,13,46,57,59,70,13,31,116,226,129,257
2012,13674,Jefferson,38,10,28,8,30,2,2,1,1,3,3,0,0,7,12,7,12
2012,13675,Jefferson,53,8,45,18,35,2,2,4,7,6,9,0,0,21,36,21,36
2012,13676,St Lawrence,2222,397,1825,712,1510,54,70,227,358,281,428,70,171,768,1884,838,2055
2012,13677,St Lawrence,25,5,20,8,17,2,2,3,4,5,6,2,4,5,14,7,18
2012,13678,St Lawrence,107,13,94,38,69,2,2,9,11,11,13,4,12,36,90,40,102
2012,13679,Jefferson,441,81,360,150,291,7,8,36,46,43,54,16,22,137,307,153,329
2012,13680,St Lawrence,294,36,258,109,185,2,2,16,21,18,23,8,8,85,157,93,165
2012,13681,St Lawrence,381,46,335,155,226,9,11,17,17,26,28,13,18,132,225,145,243
2012,13682,Jefferson,166,30,136,63,103,0,0,19,30,19,30,1,1,36,76,37,77
2012,13683,St Lawrence,72,11,61,27,45,3,3,11,18,14,21,3,4,20,47,23,51
2012,13684,St Lawrence,329,62,267,109,220,9,12,23,41,32,53,8,8,99,166,107,174
2012,13685,Jefferson,273,57,216,80,193,4,4,11,13,15,17,3,4,57,102,60,106
2012,13687,St Lawrence,76,17,59,20,56,1,1,7,9,8,10,1,1,19,30,20,31
2012,13690,St Lawrence,279,65,214,82,197,10,12,28,45,38,57,13,20,69,119,82,139
2012,13691,Jefferson,743,111,632,257,486,19,20,73,93,92,113,19,25,240,539,259,564
2012,13692,Jefferson,5,2,3,2,3,0,0,0,0,0,0,0,0,1,1,1,1
2012,13693,Jefferson,99,14,85,37,62,4,5,6,7,10,12,2,2,30,54,32,56
2012,13694,St Lawrence,301,80,221,90,211,11,17,21,26,32,43,9,19,69,142,78,161
2012,13695,St Lawrence,5,1,4,0,5,0,0,0,0,0,0,0,0,0,0,0,0
2012,13696,St Lawrence,57,9,48,21,36,0,0,3,6,3,6,0,0,20,75,20,75
2012,13697,St Lawrence,612,96,516,219,393,11,17,49,68,60,85,16,40,214,494,230,534
2012,13699,St Lawrence,11,3,8,2,9,0,0,1,1,1,1,0,0,2,4,2,4
2012,13730,Chenango,772,149,623,258,514,14,19,49,66,63,85,20,32,217,473,237,505
2012,13731,Delaware,192,28,164,72,120,3,3,19,25,22,28,6,7,53,92,59,99
2012,13732,Tioga,1001,160,841,399,602,19,25,61,79,80,104,22,34,147,248,169,282
2012,13733,Chenango,1151,215,936,352,799,15,16,82,118,97,134,33,52,346,812,379,864
2012,13734,Tioga,520,67,453,192,328,11,12,51,62,62,74,2,2,72,193,74,195
2012,13736,Tioga,477,78,399,187,290,7,10,34,41,41,51,4,7,80,134,84,141
2012,13737,Broome,36,4,32,12,24,0,0,6,8,6,8,1,1,12,21,13,22
2012,13738,Cortland,51,11,40,14,37,4,6,2,3,6,9,2,2,15,24,17,26
2012,13739,Delaware,185,36,149,53,132,0,0,14,18,14,18,4,4,49,110,53,114
2012,13740,Delaware,90,10,80,31,59,0,0,5,7,5,7,1,1,32,47,33,48
2012,13743,Tioga,821,135,686,323,498,20,26,52,61,72,87,9,12,97,149,106,161
2012,13744,Broome,215,26,189,88,127,3,3,15,15,18,18,3,5,26,38,29,43
2012,13745,Broome,54,15,39,10,44,1,1,1,1,2,2,0,0,10,14,10,14
2012,13746,Broome,576,102,474,205,371,9,10,40,53,49,63,17,29,103,212,120,241
2012,13747,Otsego,24,6,18,1,23,2,2,4,6,6,8,1,2,10,39,11,41
2012,13748,Broome,787,156,631,257,530,21,28,59,74,80,102,24,45,157,307,181,352
2012,13749,Broome,10,5,5,1,9,1,1,0,0,1,1,0,0,2,2,2,2
2012,13750,Delaware,333,51,282,124,209,9,12,24,27,33,39,10,45,75,149,85,194
2012,13751,Delaware,77,16,61,23,54,1,1,6,6,7,7,5,18,17,23,22,41
2012,13752,Delaware,104,28,76,27,77,3,4,4,4,7,8,9,13,20,31,29,44
2012,13753,Delaware,839,184,655,223,616,30,35,63,80,93,115,32,63,253,599,285,662
2012,13754,Broome,953,164,789,372,581,21,28,61,83,82,111,26,43,175,277,201,320
2012,13755,Delaware,260,46,214,90,170,6,8,23,26,29,34,4,6,71,138,75,144
2012,13756,Delaware,138,28,110,48,90,3,3,5,7,8,10,4,6,40,65,44,71
2012,13757,Delaware,174,28,146,58,116,2,2,12,15,14,17,3,9,45,104,48,113
2012,13758,Chenango,13,6,7,2,11,0,0,1,1,1,1,2,3,3,11,5,14
2012,13760,Broome,9706,1613,8093,3384,6322,185,242,780,984,965,1226,294,673,1984,3765,2278,4438
2012,13761,Broome,86,20,66,24,62,2,2,4,6,6,8,5,27,17,39,22,66
2012,13762,Broome,10,4,6,2,8,1,1,1,1,2,2,0,0,2,2,2,2
2012,13763,Broome,8,5,3,1,7,0,0,0,0,0,0,1,1,1,2,2,3
2012,13774,Delaware,56,13,43,17,39,3,4,3,3,6,7,5,13,12,24,17,37
2012,13775,Delaware,263,52,211,78,185,7,10,15,24,22,34,12,38,63,129,75,167
2012,13776,Otsego,138,17,121,48,90,3,4,3,4,6,8,5,20,29,38,34,58
2012,13777,Broome,296,43,253,115,181,10,12,25,33,35,45,6,15,73,130,79,145
2012,13778,Chenango,1193,229,964,418,775,22,26,72,89,94,115,36,61,209,346,245,407
2012,13780,Chenango,192,38,154,57,135,2,2,9,19,11,21,5,6,44,88,49,94
2012,13782,Delaware,162,37,125,53,109,2,2,8,8,10,10,5,17,43,91,48,108
2012,13783,Delaware,683,125,558,260,423,17,21,62,81,79,102,23,32,134,247,157,279
2012,13784,Cortland,82,13,69,22,60,0,0,6,7,6,7,0,0,7,16,7,16
2012,13786,Delaware,57,8,49,15,42,0,0,6,7,6,7,2,4,16,29,18,33
2012,13787,Broome,1062,157,905,422,640,12,16,78,102,90,118,19,34,242,406,261,440
2012,13788,Delaware,260,51,209,95,165,2,2,31,38,33,40,10,17,81,167,91,184
2012,13790,Broome,5446,798,4648,1953,3493,88,102,464,636,552,738,174,410,1580,3580,1754,3990
2012,13794,Broome,19,3,16,7,12,0,0,1,5,1,5,0,0,5,11,5,11
2012,13795,Broome,884,144,740,312,572,17,20,80,101,97,121,24,49,232,468,256,517
2012,13796,Otsego,291,43,248,108,183,4,7,30,36,34,43,10,27,74,141,84,168
2012,13797,Broome,581,85,496,223,358,10,12,68,88,78,100,10,20,121,247,131,267
2012,13801,Chenango,426,70,356,151,275,9,10,32,36,41,46,10,16,75,148,85,164
2012,13802,Broome,157,23,134,46,111,2,2,8,8,10,10,1,1,32,53,33,54
2012,13803,Cortland,972,166,806,345,627,19,35,75,92,94,127,14,22,182,366,196,388
2012,13804,Delaware,104,20,84,37,67,3,3,11,11,14,14,1,1,37,76,38,77
2012,13806,Delaware,52,9,43,12,40,3,5,2,3,5,8,3,12,16,31,19,43
2012,13807,Otsego,239,47,192,68,171,8,11,22,32,30,43,11,26,63,104,74,130
2012,13808,Otsego,409,82,327,136,273,14,15,27,30,41,45,23,67,99,166,122,233
2012,13809,Chenango,403,65,338,130,273,4,4,21,23,25,27,5,12,120,247,125,259
2012,13810,Otsego,207,42,165,57,150,5,5,14,18,19,23,6,7,60,145,66,152
2012,13811,Tioga,922,139,783,369,553,18,20,75,104,93,124,16,25,158,328,174,353
2012,13812,Tioga,532,86,446,212,320,9,15,39,53,48,68,4,6,56,126,60,132
2012,13813,Broome,259,46,213,107,152,4,4,27,33,31,37,7,8,57,109,64,117
2012,13814,Chenango,56,18,38,14,42,1,1,2,2,3,3,1,1,13,26,14,27
2012,13815,Chenango,4482,981,3501,1475,3007,136,178,352,429,488,607,219,498,1398,3470,1617,3968
2012,13820,Otsego,3936,949,2987,1071,2865,140,183,304,429,444,612,226,567,1036,2244,1262,2811
2012,13825,Otsego,702,129,573,243,459,22,24,53,60,75,84,29,60,178,377,207,437
2012,13826,Broome,28,3,25,10,18,0,0,4,9,4,9,0,0,5,9,5,9
2012,13827,Tioga,2721,470,2251,1000,1721,61,84,217,273,278,357,39,63,313,514,352,577
2012,13830,Chenango,1274,302,972,415,859,28,30,77,94,105,124,47,80,314,667,361,747
2012,13832,Chenango,242,37,205,87,155,6,6,28,41,34,47,5,19,65,135,70,154
2012,13833,Broome,1060,187,873,360,700,22,27,60,81,82,108,31,68,219,418,250,486
2012,13834,Otsego,47,9,38,16,31,1,2,3,3,4,5,2,2,16,27,18,29
2012,13835,Tioga,382,59,323,141,241,8,11,24,26,32,37,6,10,78,119,84,129
2012,13837,Delaware,10,1,9,7,3,0,0,0,0,0,0,0,0,2,2,2,2
2012,13838,Delaware,1302,214,1088,460,842,25,32,101,145,126,177,44,134,464,1246,508,1380
2012,13839,Delaware,298,59,239,92,206,4,9,19,24,23,33,12,38,95,202,107,240
2012,13840,Tioga,8,1,7,4,4,0,0,0,0,0,0,0,0,1,1,1,1
2012,13841,Chenango,154,33,121,49,105,3,4,14,18,17,22,9,11,35,113,44,124
2012,13842,Delaware,193,19,174,28,165,3,5,32,47,35,52,4,9,53,110,57,119
2012,13843,Chenango,412,75,337,140,272,12,14,33,39,45,53,9,12,107,238,116,250
2012,13844,Chenango,232,41,191,87,145,4,4,11,12,15,16,10,20,75,161,85,181
2012,13845,Tioga,33,7,26,10,23,0,0,6,8,6,8,0,0,3,9,3,9
2012,13846,Delaware,71,12,59,30,41,2,3,5,7,7,10,1,2,16,29,17,31
2012,13847,Delaware,23,7,16,6,17,1,1,0,0,1,1,2,2,3,4,5,6
2012,13848,Broome,9,1,8,3,6,0,0,1,2,1,2,0,0,3,4,3,4
2012,13849,Otsego,1000,160,840,336,664,22,27,71,91,93,118,30,67,324,680,354,747
2012,13850,Broome,2492,475,2017,814,1678,67,82,179,221,246,303,72,136,361,618,433,754
2012,13851,Broome,37,9,28,6,31,0,0,2,4,2,4,1,1,5,16,6,17
2012,13856,Delaware,1855,363,1492,609,1246,50,62,149,182,199,244,66,126,586,1374,652,1500
2012,13859,Otsego,43,7,36,15,28,0,0,3,3,3,3,1,2,11,21,12,23
2012,13860,Delaware,39,10,29,11,28,2,2,5,5,7,7,1,1,8,19,9,20
2012,13861,Otsego,110,23,87,32,78,2,2,9,12,11,14,6,10,24,42,30,52
2012,13862,Broome,1114,190,924,429,685,22,32,97,126,119,158,19,41,223,394,242,435
2012,13863,Cortland,142,18,124,58,84,3,3,16,19,19,22,2,5,22,30,24,35
2012,13864,Tioga,231,39,192,86,145,2,2,22,24,24,26,1,1,33,52,34,53
2012,13865,Broome,1359,223,1136,510,849,19,20,126,170,145,190,36,74,254,448,290,522
2012,13901,Broome,6517,1184,5333,2099,4418,157,216,533,713,690,929,282,778,1757,3920,2039,4698
2012,13902,Broome,573,145,428,79,494,15,15,26,36,41,51,41,83,116,286,157,369
2012,13903,Broome,5356,814,4542,2006,3350,111,135,437,564,548,699,193,442,1561,3273,1754,3715
2012,13904,Broome,2823,452,2371,909,1914,57,63,236,323,293,386,83,190,734,1424,817,1614
2012,13905,Broome,9057,1718,7339,2831,6226,265,352,728,1007,993,1359,436,1521,2624,5998,3060,7519
2012,14001,Erie,1238,306,932,420,818,30,32,89,111,119,143,32,51,206,342,238,393
2012,14004,Erie,1325,306,1019,436,889,37,42,106,143,143,185,34,72,217,354,251,426
2012,14005,Genesee,254,42,212,94,160,6,6,19,23,25,29,7,7,61,115,68,122
2012,14006,Erie,1825,386,1439,607,1218,48,56,139,194,187,250,76,145,406,698,482,843
2012,14008,Niagara,268,29,239,104,164,4,5,28,38,32,43,8,13,56,108,64,121
2012,14009,Wyoming,1021,175,846,384,637,20,26,85,98,105,124,27,50,190,296,217,346
2012,14010,Erie,1,1,0,0,1,0,0,0,0,0,0,0,0,0,0,0,0
2012,14011,Wyoming,943,154,789,322,621,18,25,57,67,75,92,16,37,214,411,230,448
2012,14012,Niagara,477,64,413,200,277,14,20,38,48,52,68,16,36,114,214,130,250
2012,14013,Genesee,370,50,320,163,207,11,13,43,61,54,74,12,27,95,155,107,182
2012,14020,Genesee,5464,1111,4353,1797,3667,162,231,479,698,641,929,182,401,1769,4375,1951,4776
2012,14021,Genesee,67,22,45,14,53,3,5,4,9,7,14,5,8,20,36,25,44
2012,14024,Wyoming,283,52,231,97,186,4,4,18,24,22,28,2,2,51,104,53,106
2012,14025,Erie,314,50,264,124,190,8,11,19,22,27,33,8,18,62,104,70,122
2012,14026,Erie,89,14,75,36,53,3,3,6,7,9,10,3,9,17,27,20,36
2012,14027,Erie,90,15,75,33,57,4,4,6,8,10,12,3,8,26,45,29,53
2012,14028,Niagara,191,19,172,77,114,3,4,8,10,11,14,3,3,49,110,52,113
2012,14029,Allegany,26,4,22,8,18,1,1,1,1,2,2,0,0,8,13,8,13
2012,14030,Erie,277,55,222,99,178,7,7,31,40,38,47,8,11,50,80,58,91
2012,14031,Erie,795,306,489,181,614,24,25,36,42,60,67,19,33,102,179,121,212
2012,14032,Erie,448,80,368,179,269,8,11,18,33,26,44,13,27,65,138,78,165
2012,14033,Erie,181,43,138,52,129,5,6,20,38,25,44,7,8,33,97,40,105
2012,14034,Erie,388,92,296,122,266,20,33,31,42,51,75,14,19,111,197,125,216
2012,14035,Erie,42,6,36,13,29,0,0,2,3,2,3,1,1,13,25,14,26
2012,14036,Genesee,582,121,461,187,395,11,15,40,51,51,66,16,22,122,232,138,254
2012,14037,Wyoming,134,30,104,43,91,2,2,14,18,16,20,0,0,19,33,19,33
2012,14038,Erie,3,1,2,0,3,0,0,0,0,0,0,0,0,0,0,0,0
2012,14039,Wyoming,21,9,12,4,17,0,0,2,2,2,2,0,0,4,7,4,7
2012,14040,Genesee,250,44,206,78,172,7,7,23,30,30,37,2,2,55,82,57,84
2012,14041,Cattaraugus,94,14,80,45,49,1,2,9,9,10,11,3,3,31,83,34,86
2012,14042,Cattaraugus,1229,204,1025,469,760,26,33,127,165,153,198,36,84,313,597,349,681
2012,14043,Erie,3517,780,2737,1140,2377,91,105,267,349,358,454,109,220,815,1614,924,1834
2012,14047,Erie,956,246,710,288,668,30,36,68,103,98,139,39,67,159,296,198,363
2012,14048,Chautauqua,6021,1010,5011,2114,3907,122,160,515,716,637,876,109,192,2121,4752,2230,4944
2012,14051,Erie,975,236,739,279,696,28,32,49,62,77,94,26,49,146,240,172,289
2012,14052,Erie,1335,368,967,368,967,50,68,79,109,129,177,32,45,212,384,244,429
2012,14054,Genesee,197,28,169,84,113,2,2,20,20,22,22,2,2,62,141,64,143
2012,14055,Erie,192,47,145,55,137,4,5,11,19,15,24,10,13,36,65,46,78
2012,14056,Genesee,64,15,49,20,44,3,5,6,6,9,11,1,1,15,47,16,48
2012,14057,Erie,835,192,643,262,573,18,23,69,121,87,144,27,45,149,341,176,386
2012,14058,Genesee,346,47,299,156,190,7,14,32,40,39,54,8,11,90,185,98,196
2012,14059,Erie,680,198,482,193,487,17,19,33,43,50,62,26,44,105,202,131,246
2012,14060,Cattaraugus,112,18,94,41,71,5,5,16,21,21,26,5,18,36,77,41,95
2012,14061,Erie,75,16,59,25,50,1,2,9,9,10,11,4,6,17,24,21,30
2012,14062,Chautauqua,619,123,496,204,415,17,26,52,76,69,102,17,35,166,320,183,355
2012,14063,Chautauqua,1955,402,1553,631,1324,32,42,152,195,184,237,37,66,499,999,536,1065
2012,14065,Cattaraugus,333,54,279,135,198,3,4,30,35,33,39,11,14,74,114,85,128
2012,14066,Wyoming,161,26,135,55,106,2,2,14,15,16,17,0,0,44,91,44,91
2012,14067,Niagara,787,171,616,256,531,38,53,46,61,84,114,24,49,129,236,153,285
2012,14068,Erie,988,318,670,272,716,48,59,47,82,95,141,50,82,145,328,195,410
2012,14069,Erie,77,12,65,26,51,0,0,3,4,3,4,2,4,14,28,16,32
2012,14070,Cattaraugus,1312,295,1017,389,923,46,58,130,200,176,258,62,106,424,1028,486,1134
2012,14072,Erie,1805,376,1429,599,1206,41,56,117,157,158,213,46,79,322,544,368,623
2012,14075,Erie,4549,1240,3309,1356,3193,133,164,300,419,433,583,146,256,886,1612,1032,1868
2012,14080,Erie,555,91,464,211,344,8,11,42,62,50,73,10,31,121,227,131,258
2012,14081,Erie,762,141,621,263,499,25,31,52,65,77,96,30,50,186,339,216,389
2012,14082,Wyoming,66,10,56,28,38,1,1,8,8,9,9,1,2,8,10,9,12
2012,14083,Wyoming,22,4,18,9,13,1,2,1,1,2,3,0,0,1,1,1,1
2012,14085,Erie,494,83,411,164,330,4,4,47,76,51,80,7,10,86,172,93,182
2012,14086,Erie,2583,660,1923,769,1814,74,91,183,227,257,318,60,118,457,813,517,931
2012,14091,Erie,291,45,246,112,179,4,5,19,29,23,34,7,16,50,77,57,93
2012,14092,Niagara,1162,422,740,297,865,47,60,81,113,128,173,41,65,189,326,230,391
2012,14094,Niagara,10891,1714,9177,3863,7028,310,400,1015,1418,1325,1818,381,767,2989,5458,3370,6225
2012,14095,Niagara,263,84,179,46,217,20,27,28,67,48,94,38,108,66,292,104,400
2012,14098,Orleans,623,104,519,232,391,14,18,46,55,60,73,14,23,149,248,163,271
2012,14101,Cattaraugus,542,102,440,204,338,12,16,44,60,56,76,20,33,107,181,127,214
2012,14102,Erie,109,18,91,36,73,3,3,4,4,7,7,3,3,12,41,15,44
2012,14103,Orleans,3254,584,2670,1116,2138,78,108,274,354,352,462,93,159,894,1711,987,1870
2012,14105,Niagara,839,113,726,312,527,12,17,73,105,85,122,15,22,195,393,210,415
2012,14107,Niagara,1,1,0,0,1,0,0,0,0,0,0,0,0,0,0,0,0
2012,14108,Niagara,1024,284,740,301,723,72,92,92,148,164,240,50,71,254,456,304,527
2012,14109,Niagara,6,2,4,0,6,0,0,0,0,0,0,0,0,0,0,0,0
2012,14110,Erie,8,3,5,0,8,0,0,0,0,0,0,0,0,0,0,0,0
2012,14111,Erie,557,86,471,225,332,16,19,36,45,52,64,11,30,112,226,123,256
2012,14112,Erie,18,3,15,4,14,0,0,1,1,1,1,0,0,4,8,4,8
2012,14113,Wyoming,118,19,99,47,71,1,1,8,8,9,9,2,2,19,32,21,34
2012,14120,Niagara,6722,1258,5464,2220,4502,168,220,555,750,723,970,199,403,1556,2985,1755,3388
2012,14125,Genesee,693,103,590,273,420,8,10,57,78,65,88,11,19,203,397,214,416
2012,14126,Niagara,173,19,154,63,110,4,6,14,18,18,24,8,10,47,71,55,81
2012,14127,Erie,1929,475,1454,612,1317,52,67,119,151,171,218,64,101,384,671,448,772
2012,14129,Cattaraugus,243,36,207,96,147,2,2,24,26,26,28,5,11,73,152,78,163
2012,14130,Wyoming,86,15,71,31,55,2,3,7,12,9,15,3,10,28,54,31,64
2012,14131,Niagara,944,185,759,307,637,51,75,80,120,131,195,47,93,213,437,260,530
2012,14132,Niagara,817,105,712,270,547,11,11,96,144,107,155,16,30,181,321,197,351
2012,14133,Cattaraugus,38,10,28,15,23,0,0,0,0,0,0,0,0,4,4,4,4
2012,14134,Erie,68,27,41,14,54,3,6,2,2,5,8,6,14,15,41,21,55
2012,14135,Chautauqua,54,15,39,14,40,2,3,7,12,9,15,2,5,12,22,14,27
2012,14136,Chautauqua,1208,192,1016,438,770,25,36,85,135,110,171,39,65,312,584,351,649
2012,14138,Cattaraugus,438,63,375,175,263,10,12,24,27,34,39,11,15,121,237,132,252
2012,14139,Erie,267,47,220,105,162,5,5,15,21,20,26,11,20,54,86,65,106
2012,14140,Erie,19,6,13,8,11,0,0,0,0,0,0,1,1,4,5,5,6
2012,14141,Erie,1392,296,1096,490,902,40,46,119,148,159,194,48,78,309,527,357,605
2012,14143,Genesee,187,45,142,55,132,7,10,15,24,22,34,6,22,53,109,59,131
2012,14144,Niagara,33,32,1,0,33,1,1,0,0,1,1,0,0,0,0,0,0
2012,14145,Wyoming,146,39,107,51,95,2,2,5,6,7,8,1,1,25,35,26,36
2012,14150,Erie,6801,1376,5425,2245,4556,183,237,541,700,724,937,212,419,1593,3119,1805,3538
2012,14151,Erie,27,7,20,8,19,0,0,1,1,1,1,1,2,5,14,6,16
2012,14166,Chautauqua,1,1,0,0,1,0,0,0,0,0,0,0,0,0,0,0,0
2012,14167,Wyoming,206,43,163,76,130,1,1,15,26,16,27,4,4,45,85,49,89
2012,14168,Cattaraugus,188,21,167,74,114,3,6,14,19,17,25,8,22,36,76,44,98
2012,14169,Erie,41,14,27,11,30,2,2,1,1,3,3,2,6,5,5,7,11
2012,14170,Erie,180,41,139,52,128,0,0,21,27,21,27,2,2,37,69,39,71
2012,14171,Cattaraugus,350,44,306,130,220,7,9,25,32,32,41,8,16,68,112,76,128
2012,14172,Niagara,455,77,378,159,296,10,13,32,39,42,52,10,21,92,143,102,164
2012,14173,Cattaraugus,154,22,132,51,103,4,5,14,14,18,19,6,19,36,49,42,68
2012,14174,Niagara,559,91,468,203,356,14,18,42,69,56,87,17,26,119,199,136,225
2012,14201,Erie,7209,1133,6076,2565,4644,204,264,640,905,844,1169,280,627,2395,5027,2675,5654
2012,14202,Erie,2943,645,2298,889,2054,140,210,302,518,442,728,201,746,845,2633,1046,3379
2012,14203,Erie,1450,416,1034,283,1167,89,124,182,362,271,486,104,280,480,1644,584,1924
2012,14204,Erie,5052,961,4091,1633,3419,162,217,459,676,621,893,239,587,1678,3714,1917,4301
2012,14205,Erie,171,30,141,55,116,7,10,22,25,29,35,7,15,73,147,80,162
2012,14206,Erie,7518,1124,6394,2727,4791,176,223,724,1012,900,1235,237,544,2451,5093,2688,5637
2012,14207,Erie,14357,1549,12808,5756,8601,223,317,1347,1835,1570,2152,360,801,4667,9410,5027,10211
2012,14208,Erie,5131,827,4304,1874,3257,126,157,416,614,542,771,210,460,1696,3541,1906,4001
2012,14209,Erie,2917,758,2159,796,2121,111,144,258,383,369,527,141,297,832,1867,973,2164
2012,14210,Erie,6538,894,5644,2468,4070,127,159,629,864,756,1023,200,439,2354,5314,2554,5753
2012,14211,Erie,13985,1602,12383,5535,8450,222,314,1284,1759,1506,2073,424,981,5048,11042,5472,12023
2012,14212,Erie,6267,782,5485,2215,4052,123,164,584,798,707,962,205,453,2086,4567,2291,5020
2012,14213,Erie,16343,1398,14945,6518,9825,207,269,1533,2059,1740,2328,325,720,4992,10205,5317,10925
2012,14214,Erie,5689,1002,4687,1787,3902,154,201,498,759,652,960,261,596,1812,4039,2073,4635
2012,14215,Erie,20810,2261,18549,8700,12110,345,477,1913,2628,2258,3105,655,1463,7714,16319,8369,17782
2012,14216,Erie,4783,865,3918,1474,3309,120,147,384,572,504,719,149,313,1376,2786,1525,3099
2012,14217,Erie,3961,1013,2948,1120,2841,144,181,300,450,444,631,180,368,890,1902,1070,2270
2012,14218,Erie,7078,1066,6012,2677,4401,128,177,676,893,804,1070,201,382,2247,4720,2448,5102
2012,14219,Erie,2111,371,1740,754,1357,34,41,163,218,197,259,52,106,526,922,578,1028
2012,14220,Erie,6356,960,5396,2401,3955,130,165,657,847,787,1012,169,402,2082,4799,2251,5201
2012,14221,Erie,4318,1433,2885,1131,3187,173,198,224,343,397,541,147,257,562,1038,709,1295
2012,14222,Erie,1803,563,1240,232,1571,105,158,187,326,292,484,140,388,443,1108,583,1496
2012,14223,Erie,3153,544,2609,1110,2043,58,68,224,295,282,363,85,166,664,1220,749,1386
2012,14224,Erie,4599,1298,3301,1252,3347,151,182,300,410,451,592,202,407,944,1953,1146,2360
2012,14225,Erie,6612,1197,5415,2324,4288,125,144,540,663,665,807,210,461,1758,3689,1968,4150
2012,14226,Erie,3903,656,3247,1372,2531,61,67,290,366,351,433,91,171,872,1719,963,1890
2012,14227,Erie,3517,1061,2456,959,2558,160,206,266,386,426,592,201,399,793,1695,994,2094
2012,14228,Erie,3461,727,2734,1195,2266,114,152,236,294,350,446,120,229,633,1099,753,1328
2012,14231,Erie,377,253,124,18,359,33,43,14,19,47,62,59,100,52,123,111,223
2012,14240,Erie,243,47,196,93,150,4,7,22,34,26,41,12,19,79,153,91,172
2012,14260,Erie,5,1,4,0,5,0,0,0,0,0,0,0,0,1,1,1,1
2012,14261,Erie,30,0,30,0,30,0,0,0,0,0,0,0,0,2,3,2,3
2012,14263,Erie,3,1,2,1,2,1,5,0,0,1,5,0,0,1,3,1,3
2012,14267,Erie,15,0,15,11,4,0,0,0,0,0,0,0,0,5,9,5,9
2012,14272,Erie,1,1,0,0,1,1,2,0,0,1,2,1,1,0,0,1,1
2012,14301,Niagara,6505,1108,5397,2124,4381,220,318,637,961,857,1279,374,942,2308,5441,2682,6383
2012,14302,Niagara,306,156,150,55,251,26,31,24,33,50,64,24,46,61,139,85,185
2012,14303,Niagara,3112,382,2730,1118,1994,67,89,356,505,423,594,115,313,1150,2484,1265,2797
2012,14304,Niagara,6083,1236,4847,1840,4243,156,198,488,653,644,851,223,384,1475,2714,1698,3098
2012,14305,Niagara,7155,926,6229,2748,4407,160,221,668,963,828,1184,280,668,2478,4910,2758,5578
2012,14410,Monroe,3,1,2,0,3,0,0,0,0,0,0,0,0,0,0,0,0
2012,14411,Orleans,3593,640,2953,1271,2322,94,131,265,349,359,480,131,241,924,1779,1055,2020
2012,14413,Wayne,90,19,71,33,57,4,4,9,9,13,13,3,3,18,30,21,33
2012,14414,Livingston,976,176,800,310,666,13,17,72,97,85,114,18,28,191,347,209,375
2012,14415,Yates,35,2,33,13,22,0,0,4,4,4,4,0,0,16,28,16,28
2012,14416,Genesee,460,86,374,165,295,8,10,34,52,42,62,13,22,128,245,141,267
2012,14418,Yates,251,55,196,82,169,3,3,20,24,23,27,5,7,62,104,67,111
2012,14420,Monroe,2695,514,2181,944,1751,58,78,206,271,264,349,138,311,694,1674,832,1985
2012,14422,Genesee,324,44,280,123,201,4,4,23,28,27,32,8,24,95,208,103,232
2012,14423,Livingston,627,97,530,224,403,16,21,33,41,49,62,12,20,133,231,145,251
2012,14424,Ontario,4946,1047,3899,1548,3398,154,230,394,513,548,743,274,668,1195,2656,1469,3324
2012,14425,Ontario,1624,222,1402,622,1002,27,35,127,160,154,195,44,104,356,610,400,714
2012,14427,Wyoming,397,79,318,137,260,8,8,37,43,45,51,4,10,98,165,102,175
2012,14428,Monroe,797,120,677,278,519,19,28,55,93,74,121,20,44,151,289,171,333
2012,14429,Orleans,10,4,6,4,6,0,0,0,0,0,0,0,0,0,0,0,0
2012,14430,Monroe,49,7,42,16,33,3,3,10,11,13,14,2,12,18,66,20,78
2012,14432,Ontario,1034,209,825,368,666,29,44,97,156,126,200,47,149,272,615,319,764
2012,14433,Wayne,1043,166,877,417,626,27,36,100,138,127,174,23,57,279,497,302,554
2012,14435,Livingston,427,53,374,155,272,11,16,30,37,41,53,8,17,108,208,116,225
2012,14437,Livingston,2403,370,2033,817,1586,56,79,181,230,237,309,87,225,651,1411,738,1636
2012,14441,Yates,88,12,76,36,52,1,1,6,8,7,9,1,1,27,54,28,55
2012,14443,Ontario,6,1,5,1,5,0,0,1,1,1,1,0,0,0,0,0,0
2012,14445,Monroe,2009,469,1540,639,1370,54,67,151,202,205,269,76,137,382,794,458,931
2012,14449,Wayne,56,16,40,17,39,4,4,4,8,8,12,1,1,13,32,14,33
2012,14450,Monroe,3658,888,2770,1203,2455,99,126,205,274,304,400,112,228,493,969,605,1197
2012,14452,Orleans,8,2,6,0,8,1,1,1,4,2,5,1,3,3,7,4,10
2012,14453,Ontario,11,2,9,6,5,0,0,0,0,0,0,0,0,0,0,0,0
2012,14454,Livingston,1148,166,982,371,777,13,18,83,108,96,126,20,31,315,661,335,692
2012,14456,Ontario,5241,945,4296,1904,3337,152,193,371,470,523,663,203,362,1519,3099,1722,3461
2012,14461,Ontario,38,9,29,15,23,1,2,0,0,1,2,3,4,4,7,7,11
2012,14462,Livingston,111,15,96,42,69,0,0,5,6,5,6,1,1,30,88,31,89
2012,14463,Ontario,26,7,19,11,15,2,2,1,2,3,4,3,8,5,6,8,14
2012,14464,Monroe,1386,167,1219,588,798,19,27,121,143,140,170,37,103,398,722,435,825
2012,14466,Ontario,255,36,219,92,163,4,4,22,24,26,28,7,10,48,90,55,100
2012,14467,Monroe,1601,220,1381,617,984,23,33,93,125,116,158,35,63,299,513,334,576
2012,14468,Monroe,2135,302,1833,809,1326,40,48,178,251,218,299,65,168,426,829,491,997
2012,14469,Ontario,807,133,674,281,526,20,27,62,80,82,107,27,78,152,298,179,376
2012,14470,Orleans,1606,236,1370,594,1012,30,42,139,178,169,220,46,117,437,869,483,986
2012,14471,Ontario,492,100,392,166,326,15,21,30,36,45,57,18,37,117,228,135,265
2012,14472,Monroe,510,85,425,174,336,5,8,41,53,46,61,9,15,84,156,93,171
2012,14475,Ontario,34,10,24,11,23,1,1,3,3,4,4,2,15,11,16,13,31
2012,14476,Orleans,386,55,331,160,226,8,9,26,34,34,43,10,26,100,257,110,283
2012,14477,Orleans,311,60,251,99,212,9,11,28,33,37,44,11,30,77,150,88,180
2012,14478,Yates,97,20,77,29,68,3,3,8,8,11,11,3,4,29,41,32,45
2012,14479,Orleans,39,5,34,12,27,1,1,2,3,3,4,1,1,8,15,9,16
2012,14480,Livingston,291,30,261,112,179,7,7,26,28,33,35,5,9,77,158,82,167
2012,14481,Livingston,299,31,268,99,200,4,6,22,29,26,35,3,6,90,187,93,193
2012,14482,Genesee,1339,322,1017,413,926,60,85,107,142,167,227,49,109,396,942,445,1051
2012,14485,Livingston,589,83,506,208,381,6,8,50,71,56,79,16,43,118,222,134,265
2012,14486,Livingston,34,1,33,12,22,0,0,0,0,0,0,0,0,16,20,16,20
2012,14487,Livingston,712,141,571,221,491,20,25,29,47,49,72,8,15,150,280,158,295
2012,14488,Livingston,9,1,8,1,8,0,0,1,1,1,1,0,0,2,2,2,2
2012,14489,Wayne,2031,371,1660,700,1331,61,73,173,246,234,319,60,136,624,1503,684,1639
2012,14502,Wayne,1192,212,980,428,764,32,38,62,80,94,118,33,65,193,370,226,435
2012,14504,Ontario,338,59,279,116,222,4,5,28,33,32,38,14,21,82,191,96,212
2012,14505,Wayne,771,113,658,304,467,16,18,61,70,77,88,16,22,163,301,179,323
2012,14506,Monroe,43,10,33,14,29,1,1,0,0,1,1,1,1,6,11,7,12
2012,14507,Yates,246,35,211,88,158,6,7,20,28,26,35,4,8,65,105,69,113
2012,14508,Orleans,9,0,9,1,8,0,0,1,1,1,1,0,0,2,3,2,3
2012,14510,Livingston,2006,504,1502,587,1419,80,104,136,194,216,298,107,216,532,1117,639,1333
2012,14511,Monroe,85,14,71,35,50,1,1,3,3,4,4,4,8,17,21,21,29
2012,14512,Ontario,927,147,780,336,591,14,16,63,75,77,91,20,38,194,363,214,401
2012,14513,Wayne,3983,998,2985,1243,2740,156,206,310,414,466,620,174,414,1052,2341,1226,2755
2012,14514,Monroe,761,126,635,307,454,13,21,67,86,80,107,31,101,152,264,183,365
2012,14515,Monroe,33,4,29,12,21,0,0,3,5,3,5,0,0,7,10,7,10
2012,14516,Wayne,387,68,319,153,234,7,9,35,42,42,51,14,39,95,162,109,201
2012,14517,Livingston,669,117,552,234,435,14,21,36,48,50,69,27,49,197,393,224,442
2012,14518,Ontario,19,4,15,5,14,0,0,3,4,3,4,1,1,4,9,5,10
2012,14519,Wayne,1269,186,1083,490,779,16,20,96,115,112,135,16,29,221,418,237,447
2012,14520,Wayne,4,2,2,1,3,0,0,0,0,0,0,0,0,2,4,2,4
2012,14521,Seneca,634,90,544,242,392,11,12,49,62,60,74,9,12,128,213,137,225
2012,14522,Wayne,1647,291,1356,615,1032,38,56,107,132,145,188,47,106,407,751,454,857
2012,14525,Genesee,455,88,367,166,289,5,6,26,34,31,40,7,7,100,179,107,186
2012,14526,Monroe,1431,306,1125,442,989,45,56,90,111,135,167,39,121,188,341,227,462
2012,14527,Yates,2679,612,2067,872,1807,83,104,164,208,247,312,119,200,760,1564,879,1764
2012,14529,Steuben,19,4,15,6,13,0,0,1,3,1,3,1,1,3,4,4,5
2012,14530,Wyoming,1182,221,961,433,749,20,27,104,140,124,167,22,57,263,549,285,606
2012,14532,Ontario,712,120,592,274,438,23,31,47,63,70,94,28,53,167,284,195,337
2012,14533,Livingston,271,20,251,119,152,3,4,11,16,14,20,3,9,68,129,71,138
2012,14534,Monroe,1133,313,820,293,840,32,41,51,67,83,108,31,71,129,239,160,310
2012,14536,Wyoming,158,29,129,58,100,5,7,22,31,27,38,3,3,44,90,47,93
2012,14537,Ontario,61,8,53,25,36,0,0,3,4,3,4,1,1,14,35,15,36
2012,14538,Wayne,9,3,6,3,6,0,0,1,1,1,1,0,0,2,4,2,4
2012,14539,Livingston,61,6,55,26,35,1,1,3,3,4,4,0,0,18,38,18,38
2012,14541,Seneca,463,41,422,231,232,6,6,39,56,45,62,3,4,112,220,115,224
2012,14542,Wayne,63,7,56,23,40,1,1,13,18,14,19,1,1,28,37,29,38
2012,14543,Monroe,193,38,155,66,127,2,6,11,16,13,22,3,11,19,31,22,42
2012,14544,Yates,377,58,319,158,219,8,10,25,27,33,37,12,14,90,174,102,188
2012,14545,Livingston,18,5,13,5,13,1,1,3,3,4,4,1,1,3,7,4,8
2012,14546,Monroe,560,71,489,214,346,8,13,42,62,50,75,7,10,105,205,112,215
2012,14547,Ontario,20,8,12,5,15,0,0,2,2,2,2,0,0,6,9,6,9
2012,14548,Ontario,801,134,667,298,503,21,40,49,53,70,93,34,91,209,416,243,507
2012,14549,Wyoming,41,6,35,18,23,0,0,3,3,3,3,0,0,7,12,7,12
2012,14550,Wyoming,362,75,287,109,253,10,14,22,29,32,43,2,3,66,134,68,137
2012,14551,Wayne,1511,287,1224,568,943,36,63,130,170,166,233,49,121,351,662,400,783
2012,14555,Wayne,153,33,120,48,105,6,8,20,22,26,30,5,12,38,82,43,94
2012,14556,Livingston,44,3,41,5,39,0,0,3,4,3,4,0,0,11,18,11,18
2012,14557,Genesee,22,6,16,7,15,0,0,1,1,1,1,0,0,11,27,11,27
2012,14558,Livingston,1,0,1,0,1,0,0,0,0,0,0,0,0,0,0,0,0
2012,14559,Monroe,1688,251,1437,614,1074,34,43,124,145,158,188,36,95,323,552,359,647
2012,14560,Ontario,441,55,386,165,276,7,8,31,38,38,46,13,23,115,203,128,226
2012,14561,Ontario,350,55,295,124,226,10,11,17,20,27,31,6,10,69,102,75,112
2012,14563,Wayne,1,0,1,0,1,0,0,0,0,0,0,0,0,0,0,0,0
2012,14564,Ontario,864,177,687,281,583,21,23,58,81,79,104,17,32,114,301,131,333
2012,14568,Wayne,492,61,431,191,301,6,8,39,54,45,62,7,18,74,176,81,194
2012,14569,Wyoming,1580,440,1140,517,1063,92,115,117,165,209,280,35,49,360,804,395,853
2012,14571,Orleans,271,44,227,99,172,4,5,19,28,23,33,6,7,70,130,76,137
2012,14572,Steuben,1173,223,950,416,757,23,28,114,151,137,179,42,93,265,504,307,597
2012,14580,Monroe,5110,1244,3866,1589,3521,143,178,318,395,461,573,152,379,787,1567,939,1946
2012,14585,Ontario,65,11,54,27,38,2,2,2,2,4,4,2,4,13,24,15,28
2012,14586,Monroe,1141,208,933,406,735,14,21,82,114,96,135,24,53,149,285,173,338
2012,14588,Seneca,30,1,29,6,24,1,2,2,5,3,7,1,1,14,29,15,30
2012,14589,Wayne,1247,213,1034,467,780,29,45,92,138,121,183,36,88,269,518,305,606
2012,14590,Wayne,1367,235,1132,535,832,27,33,114,142,141,175,25,55,323,570,348,625
2012,14591,Wyoming,234,32,202,80,154,4,4,17,19,21,23,3,3,50,96,53,99
2012,14592,Livingston,36,3,33,18,18,0,0,5,5,5,5,1,4,8,12,9,16
2012,14602,Monroe,44,5,39,14,30,0,0,2,2,2,2,1,1,14,31,15,32
2012,14603,Monroe,272,81,191,53,219,10,11,18,24,28,35,28,42,71,147,99,189
2012,14604,Monroe,1605,585,1020,167,1438,137,213,204,450,341,663,179,720,479,2112,658,2832
2012,14605,Monroe,9640,1043,8597,3864,5776,169,221,848,1202,1017,1423,294,804,3440,8238,3734,9042
2012,14606,Monroe,10277,1334,8943,4048,6229,207,299,915,1231,1122,1530,288,708,3068,6750,3356,7458
2012,14607,Monroe,3379,930,2449,553,2826,163,224,337,509,500,733,192,515,765,1922,957,2437
2012,14608,Monroe,8729,956,7773,3199,5530,169,240,887,1292,1056,1532,238,615,2834,6578,3072,7193
2012,14609,Monroe,17500,2188,15312,7002,10498,346,484,1505,2010,1851,2494,476,1233,5394,12097,5870,13330
2012,14610,Monroe,1597,545,1052,361,1236,88,101,100,154,188,255,82,174,261,593,343,767
2012,14611,Monroe,12135,1790,10345,4531,7604,351,508,1147,1669,1498,2177,481,1370,3958,9026,4439,10396
2012,14612,Monroe,5398,1242,4156,1684,3714,191,263,399,550,590,813,239,587,1088,2336,1327,2923
2012,14613,Monroe,9507,793,8714,3927,5580,125,178,881,1290,1006,1468,247,785,3136,7027,3383,7812
2012,14614,Monroe,245,44,201,18,227,4,6,34,75,38,81,8,16,68,299,76,315
2012,14615,Monroe,5923,574,5349,2400,3523,92,130,565,769,657,899,144,395,1820,3898,1964,4293
2012,14616,Monroe,6410,777,5633,2537,3873,106,143,481,674,587,817,155,372,1519,2988,1674,3360
2012,14617,Monroe,2885,533,2352,928,1957,63,91,208,274,271,365,101,216,584,1244,685,1460
2012,14618,Monroe,2087,900,1187,463,1624,106,128,99,149,205,277,87,148,179,360,266,508
2012,14619,Monroe,6216,616,5600,2572,3644,98,153,619,832,717,985,134,243,1887,4026,2021,4269
2012,14620,Monroe,6927,2092,4835,1622,5305,370,537,603,923,973,1460,376,949,1535,3715,1911,4664
2012,14621,Monroe,21871,3126,18745,8418,13453,511,680,1999,2771,2510,3451,772,2067,7532,17681,8304,19748
2012,14622,Monroe,1974,357,1617,636,1338,37,52,163,210,200,262,35,90,431,795,466,885
2012,14623,Monroe,3285,646,2639,1066,2219,92,112,249,344,341,456,78,166,569,1228,647,1394
2012,14624,Monroe,4976,863,4113,1742,3234,96,122,367,481,463,603,158,327,916,1723,1074,2050
2012,14625,Monroe,941,207,734,266,675,23,27,59,81,82,108,28,49,164,299,192,348
2012,14626,Monroe,4578,863,3715,1593,2985,109,154,344,449,453,603,156,363,924,1831,1080,2194
2012,14627,Monroe,10,1,9,2,8,0,0,1,1,1,1,1,1,0,0,1,1
2012,14642,Monroe,24,10,14,3,21,2,5,7,11,9,16,4,8,6,26,10,34
2012,14643,Monroe,1,0,1,0,1,0,0,0,0,0,0,0,0,0,0,0,0
2012,14644,Monroe,3,0,3,1,2,0,0,0,0,0,0,0,0,1,9,1,9
2012,14645,Monroe,2,0,2,0,2,0,0,0,0,0,0,0,0,1,1,1,1
2012,14649,Monroe,2,0,2,1,1,0,0,0,0,0,0,0,0,0,0,0,0
2012,14651,Monroe,1,0,1,0,1,0,0,0,0,0,0,0,0,1,4,1,4
2012,14692,Monroe,254,157,97,35,219,20,24,14,28,34,52,37,88,32,86,69,174
2012,14694,Monroe,1,1,0,0,1,1,1,0,0,1,1,0,0,0,0,0,0
2012,14701,Chautauqua,16070,2785,13285,5660,10410,395,491,1405,1922,1800,2413,564,1056,5278,11645,5842,12701
2012,14702,Chautauqua,216,62,154,50,166,6,11,11,16,17,27,16,49,64,118,80,167
2012,14706,Cattaraugus,1005,216,789,320,685,33,42,67,89,100,131,37,56,266,474,303,530
2012,14707,Allegany,94,15,79,29,65,1,1,10,15,11,16,5,10,31,64,36,74
2012,14708,Allegany,32,6,26,7,25,3,3,2,3,5,6,3,16,7,14,10,30
2012,14709,Allegany,355,68,287,132,223,5,5,30,41,35,46,16,21,86,167,102,188
2012,14710,Chautauqua,673,117,556,215,458,12,12,37,48,49,60,16,26,153,302,169,328
2012,14711,Allegany,490,87,403,174,316,11,13,39,47,50,60,24,52,100,165,124,217
2012,14712,Chautauqua,487,101,386,157,330,5,6,41,51,46,57,15,21,96,176,111,197
2012,14714,Allegany,109,15,94,28,81,3,5,7,8,10,13,2,3,26,53,28,56
2012,14715,Allegany,927,138,789,354,573,22,26,80,91,102,117,35,69,268,500,303,569
2012,14716,Chautauqua,801,135,666,289,512,9,9,57,70,66,79,22,36,214,433,236,469
2012,14717,Allegany,138,34,104,30,108,1,1,9,16,10,17,5,12,29,63,34,75
2012,14718,Chautauqua,423,66,357,146,277,5,6,37,45,42,51,4,5,86,159,90,164
2012,14719,Cattaraugus,683,120,563,245,438,11,13,49,61,60,74,10,19,162,274,172,293
2012,14720,Chautauqua,308,53,255,113,195,5,5,25,34,30,39,10,15,80,146,90,161
2012,14721,Allegany,83,14,69,34,49,2,2,8,10,10,12,4,6,25,40,29,46
2012,14722,Chautauqua,22,5,17,4,18,1,1,2,2,3,3,0,0,1,3,1,3
2012,14723,Chautauqua,331,45,286,131,200,7,7,23,28,30,35,6,8,82,138,88,146
2012,14724,Chautauqua,466,50,416,206,260,4,9,28,37,32,46,5,7,97,165,102,172
2012,14726,Cattaraugus,243,46,197,92,151,9,15,5,7,14,22,7,9,50,83,57,92
2012,14727,Allegany,1257,262,995,400,857,34,43,89,121,123,164,62,117,272,566,334,683
2012,14728,Chautauqua,155,36,119,45,110,5,7,4,4,9,11,8,15,30,43,38,58
2012,14729,Cattaraugus,152,28,124,41,111,2,2,10,13,12,15,5,9,40,72,45,81
2012,14730,Cattaraugus,27,5,22,9,18,2,4,0,0,2,4,0,0,8,18,8,18
2012,14731,Cattaraugus,172,50,122,40,132,9,11,11,15,20,26,7,8,29,58,36,66
2012,14732,Chautauqua,58,10,48,17,41,0,0,2,2,2,2,1,2,12,27,13,29
2012,14733,Chautauqua,991,203,788,362,629,23,28,66,90,89,118,23,46,236,444,259,490
2012,14735,Allegany,673,94,579,257,416,8,8,36,46,44,54,16,35,138,236,154,271
2012,14736,Chautauqua,87,18,69,29,58,2,2,3,3,5,5,1,1,20,28,21,29
2012,14737,Cattaraugus,1076,161,915,380,696,14,14,84,117,98,131,22,47,260,449,282,496
2012,14738,Chautauqua,721,125,596,269,452,17,26,70,94,87,120,18,28,165,283,183,311
2012,14739,Allegany,993,153,840,372,621,20,29,76,105,96,134,41,73,257,540,298,613
2012,14740,Chautauqua,266,77,189,76,190,11,12,19,20,30,32,11,14,53,92,64,106
2012,14741,Cattaraugus,353,67,286,126,227,9,12,17,23,26,35,14,21,80,123,94,144
2012,14742,Chautauqua,55,30,25,3,52,5,8,2,4,7,12,3,5,9,19,12,24
2012,14743,Cattaraugus,539,107,432,178,361,21,31,42,52,63,83,28,52,155,306,183,358
2012,14744,Allegany,179,63,116,38,141,14,21,12,22,26,43,12,20,19,37,31,57
2012,14745,Allegany,34,6,28,8,26,1,1,3,4,4,5,1,2,8,14,9,16
2012,14747,Chautauqua,543,101,442,185,358,12,17,35,43,47,60,17,27,127,214,144,241
2012,14748,Cattaraugus,303,35,268,129,174,7,12,31,34,38,46,5,14,88,133,93,147
2012,14750,Chautauqua,674,163,511,201,473,11,15,48,64,59,79,15,24,131,264,146,288
2012,14751,Cattaraugus,13,4,9,3,10,1,1,1,1,2,2,0,0,3,7,3,7
2012,14752,Chautauqua,33,10,23,8,25,1,1,0,0,1,1,0,0,5,5,5,5
2012,14753,Cattaraugus,243,49,194,79,164,4,11,22,33,26,44,5,13,61,137,66,150
2012,14754,Allegany,163,39,124,47,116,3,3,11,16,14,19,9,20,52,103,61,123
2012,14755,Cattaraugus,650,111,539,229,421,12,19,61,72,73,91,12,22,162,304,174,326
2012,14756,Chautauqua,12,2,10,0,12,1,1,4,10,5,11,0,0,7,47,7,47
2012,14757,Chautauqua,785,187,598,225,560,28,34,72,103,100,137,44,127,181,409,225,536
2012,14758,Chautauqua,4,0,4,3,1,0,0,0,0,0,0,0,0,0,0,0,0
2012,14760,Cattaraugus,6017,1318,4699,1888,4129,215,276,485,625,700,901,290,697,1898,4481,2188,5178
2012,14766,Cattaraugus,13,3,10,3,10,0,0,0,0,0,0,0,0,3,3,3,3
2012,14767,Chautauqua,455,78,377,174,281,10,11,28,44,38,55,10,16,88,177,98,193
2012,14769,Chautauqua,185,43,142,54,131,3,7,13,17,16,24,9,20,48,110,57,130
2012,14770,Cattaraugus,651,111,540,232,419,10,15,53,68,63,83,10,23,188,421,198,444
2012,14772,Cattaraugus,861,171,690,347,514,16,21,55,69,71,90,19,24,189,329,208,353
2012,14774,Allegany,128,15,113,50,78,0,0,6,7,6,7,4,8,39,62,43,70
2012,14775,Chautauqua,660,128,532,232,428,6,6,41,50,47,56,26,66,160,344,186,410
2012,14777,Allegany,160,28,132,63,97,2,5,12,12,14,17,4,12,20,30,24,42
2012,14778,Cattaraugus,21,20,1,0,21,0,0,0,0,0,0,0,0,0,0,0,0
2012,14779,Cattaraugus,2550,438,2112,983,1567,85,105,238,345,323,450,83,186,689,1414,772,1600
2012,14781,Chautauqua,584,107,477,200,384,15,17,30,32,45,49,21,47,100,159,121,206
2012,14782,Chautauqua,664,100,564,252,412,15,18,54,61,69,79,9,22,158,264,167,286
2012,14783,Cattaraugus,149,31,118,59,90,4,4,14,17,18,21,4,6,27,54,31,60
2012,14784,Chautauqua,302,51,251,105,197,5,5,17,18,22,23,7,7,71,121,78,128
2012,14785,Chautauqua,29,3,26,8,21,0,0,0,0,0,0,0,0,6,10,6,10
2012,14786,Allegany,47,6,41,22,25,1,3,2,2,3,5,0,0,8,12,8,12
2012,14787,Chautauqua,1197,253,944,410,787,11,13,77,99,88,112,59,134,306,572,365,706
2012,14788,Cattaraugus,111,15,96,33,78,2,2,32,48,34,50,3,4,41,106,44,110
2012,14801,Steuben,1339,199,1140,487,852,31,42,144,187,175,229,33,66,361,723,394,789
2012,14802,Allegany,100,17,83,14,86,0,0,9,12,9,12,3,6,28,55,31,61
2012,14803,Allegany,216,27,189,76,140,5,7,12,14,17,21,6,6,60,95,66,101
2012,14804,Allegany,207,37,170,76,131,7,8,13,16,20,24,14,23,46,85,60,108
2012,14805,Schuyler,287,36,251,105,182,2,2,20,24,22,26,8,19,82,181,90,200
2012,14806,Allegany,531,89,442,199,332,9,12,30,36,39,48,21,40,144,241,165,281
2012,14807,Steuben,517,100,417,189,328,14,16,42,50,56,66,24,48,127,244,151,292
2012,14808,Steuben,178,32,146,62,116,2,2,9,9,11,11,12,19,35,55,47,74
2012,14809,Steuben,605,100,505,216,389,12,14,59,73,71,87,21,50,163,316,184,366
2012,14810,Steuben,3827,904,2923,1098,2729,125,178,354,511,479,689,202,496,995,2195,1197,2691
2012,14812,Schuyler,899,114,785,349,550,15,20,56,71,71,91,11,21,225,439,236,460
2012,14813,Allegany,866,166,700,340,526,24,29,70,101,94,130,61,106,248,482,309,588
2012,14814,Chemung,174,30,144,67,107,7,13,7,8,14,21,5,8,27,42,32,50
2012,14815,Schuyler,227,30,197,78,149,4,5,22,22,26,27,8,11,70,151,78,162
2012,14816,Chemung,85,9,76,29,56,1,1,6,6,7,7,2,6,26,43,28,49
2012,14817,Tompkins,462,72,390,164,298,7,8,37,59,44,67,1,1,90,199,91,200
2012,14818,Schuyler,359,59,300,114,245,8,10,34,46,42,56,8,13,112,246,120,259
2012,14819,Steuben,275,42,233,98,177,1,1,30,41,31,42,8,14,97,189,105,203
2012,14820,Steuben,174,18,156,75,99,3,4,18,19,21,23,2,5,44,82,46,87
2012,14821,Steuben,762,102,660,276,486,13,16,64,77,77,93,18,34,181,333,199,367
2012,14822,Allegany,281,53,228,97,184,11,15,21,24,32,39,12,38,53,99,65,137
2012,14823,Steuben,1002,170,832,368,634,28,36,87,113,115,149,50,120,312,702,362,822
2012,14824,Schuyler,193,30,163,74,119,5,5,14,15,19,20,4,12,63,122,67,134
2012,14825,Chemung,204,26,178,88,116,4,5,15,18,19,23,5,5,29,81,34,86
2012,14826,Steuben,481,76,405,193,288,6,7,34,42,40,49,12,23,103,212,115,235
2012,14827,Steuben,38,4,34,16,22,1,1,6,8,7,9,1,1,9,13,10,14
2012,14830,Steuben,4115,739,3376,1360,2755,113,141,342,453,455,594,137,344,970,1973,1107,2317
2012,14831,Steuben,2,0,2,0,2,0,0,0,0,0,0,0,0,1,1,1,1
2012,14836,Livingston,175,31,144,55,120,4,6,9,9,13,15,4,8,31,77,35,85
2012,14837,Yates,1308,237,1071,478,830,39,46,101,117,140,163,51,108,387,763,438,871
2012,14838,Chemung,424,61,363,152,272,9,9,30,36,39,45,12,16,117,263,129,279
2012,14839,Steuben,147,16,131,66,81,3,6,8,13,11,19,6,18,48,95,54,113
2012,14840,Steuben,495,88,407,171,324,9,11,21,28,30,39,16,50,103,187,119,237
2012,14841,Schuyler,173,25,148,52,121,1,1,12,15,13,16,1,2,33,55,34,57
2012,14842,Yates,119,21,98,52,67,2,2,6,6,8,8,5,5,27,34,32,39
2012,14843,Steuben,4278,819,3459,1477,2801,137,189,384,525,521,714,243,642,1508,3488,1751,4130
2012,14845,Chemung,3149,864,2285,975,2174,163,223,233,352,396,575,145,295,651,1431,796,1726
2012,14846,Livingston,151,23,128,55,96,1,2,7,7,8,9,5,9,35,48,40,57
2012,14847,Seneca,463,85,378,176,287,7,9,31,41,38,50,5,15,102,168,107,183
2012,14850,Tompkins,8256,1354,6902,2675,5581,144,175,644,854,788,1029,57,122,1580,3270,1637,3392
2012,14851,Tompkins,61,20,41,14,47,1,1,0,0,1,1,0,0,3,4,3,4
2012,14852,Tompkins,41,8,33,11,30,1,1,1,1,2,2,0,0,10,21,10,21
2012,14853,Tompkins,8,0,8,2,6,0,0,3,3,3,3,0,0,2,5,2,5
2012,14854,Tompkins,34,8,26,10,24,2,3,3,4,5,7,0,0,2,3,2,3
2012,14855,Steuben,153,20,133,58,95,1,2,12,16,13,18,3,3,36,94,39,97
2012,14856,Steuben,41,10,31,9,32,1,1,4,12,5,13,4,6,9,24,13,30
2012,14857,Yates,65,7,58,22,43,0,0,3,3,3,3,0,0,13,26,13,26
2012,14858,Steuben,290,43,247,89,201,6,11,34,40,40,51,12,20,59,108,71,128
2012,14859,Tioga,272,47,225,94,178,6,7,23,25,29,32,3,5,23,38,26,43
2012,14860,Seneca,185,31,154,67,118,4,4,16,18,20,22,6,7,38,48,44,55
2012,14861,Chemung,410,84,326,161,249,14,22,29,36,43,58,12,34,104,198,116,232
2012,14863,Schuyler,24,8,16,7,17,1,1,1,1,2,2,2,8,4,11,6,19
2012,14864,Chemung,400,75,325,134,266,5,6,44,51,49,57,13,33,130,244,143,277
2012,14865,Schuyler,894,255,639,261,633,48,68,74,102,122,170,66,156,226,475,292,631
2012,14867,Tompkins,1413,215,1198,545,868,11,14,105,115,116,129,12,25,328,620,340,645
2012,14869,Schuyler,337,68,269,105,232,8,10,27,33,35,43,11,43,108,198,119,241
2012,14870,Steuben,1446,314,1132,500,946,42,56,122,175,164,231,46,77,334,651,380,728
2012,14871,Chemung,560,122,438,172,388,22,30,52,76,74,106,19,38,126,238,145,276
2012,14872,Chemung,190,37,153,67,123,5,7,8,13,13,20,7,15,57,125,64,140
2012,14873,Steuben,608,93,515,230,378,8,8,32,42,40,50,18,43,156,288,174,331
2012,14874,Steuben,55,12,43,21,34,2,2,3,5,5,7,2,2,10,16,12,18
2012,14876,Schuyler,30,7,23,10,20,0,0,0,0,0,0,1,1,4,7,5,8
2012,14877,Steuben,126,22,104,50,76,4,5,15,18,19,23,6,9,42,70,48,79
2012,14878,Schuyler,140,24,116,52,88,1,1,14,28,15,29,5,9,42,93,47,102
2012,14879,Steuben,545,89,456,196,349,10,12,40,58,50,70,14,28,130,258,144,286
2012,14880,Allegany,456,73,383,146,310,13,13,27,36,40,49,14,30,149,335,163,365
2012,14881,Tompkins,76,22,54,24,52,3,3,0,0,3,3,0,0,9,15,9,15
2012,14882,Tompkins,483,61,422,186,297,3,4,38,41,41,45,1,2,56,88,57,90
2012,14883,Tioga,902,133,769,334,568,20,22,63,95,83,117,6,15,119,197,125,212
2012,14884,Allegany,69,7,62,30,39,0,0,5,5,5,5,0,0,7,11,7,11
2012,14885,Steuben,206,33,173,81,125,4,6,19,27,23,33,6,7,51,108,57,115
2012,14886,Tompkins,1072,166,906,343,729,13,16,105,151,118,167,10,17,238,472,248,489
2012,14887,Schuyler,31,6,25,6,25,0,0,4,4,4,4,0,0,9,13,9,13
2012,14889,Chemung,426,62,364,179,247,5,6,22,26,27,32,5,8,56,96,61,104
2012,14891,Schuyler,1075,219,856,316,759,25,27,70,82,95,109,49,109,334,714,383,823
2012,14892,Tioga,2268,493,1775,805,1463,72,104,199,255,271,359,15,39,225,368,240,407
2012,14893,Schuyler,40,4,36,15,25,1,1,0,0,1,1,0,0,10,26,10,26
2012,14894,Chemung,416,68,348,145,271,9,13,46,62,55,75,14,33,111,220,125,253
2012,14895,Allegany,2789,603,2186,821,1968,99,132,220,306,319,438,183,346,801,1809,984,2155
2012,14897,Allegany,243,32,211,84,159,8,12,22,25,30,37,6,10,57,96,63,106
2012,14898,Steuben,303,49,254,105,198,2,2,24,31,26,33,9,18,66,138,75,156
2012,14901,Chemung,7718,1434,6284,2705,5013,273,377,811,1203,1084,1580,445,1203,2662,7185,3107,8388
2012,14902,Chemung,237,103,134,41,196,16,22,16,34,32,56,31,76,63,175,94,251
2012,14903,Chemung,1774,321,1453,639,1135,55,77,177,206,232,283,66,167,490,1184,556,1351
2012,14904,Chemung,6176,956,5220,2356,3820,159,206,599,837,758,1043,264,673,2040,4839,2304,5512
2012,14905,Chemung,1780,262,1518,661,1119,49,63,179,262,228,325,75,183,553,1445,628,1628
2013,06390,Suffolk,2,2,0,0,2,1,1,0,0,1,1,0,0,0,0,0,0
2013,10001,New York,10485,2479,8006,1088,9397,569,1020,1503,4679,2072,5699,642,1685,2569,9603,3211,11288
2013,10002,New York,56367,10944,45423,12974,43393,1561,2080,3294,5033,4855,7113,1204,1896,6641,13171,7845,15067
2013,10003,New York,4736,1168,3568,586,4150,194,307,547,1490,741,1797,159,319,965,2816,1124,3135
2013,10004,New York,716,281,435,60,656,42,67,96,215,138,282,85,186,173,498,258,684
2013,10005,New York,1069,76,993,108,961,29,55,243,598,272,653,25,91,392,1178,417,1269
2013,10006,New York,105,9,96,31,74,1,2,13,16,14,18,1,2,16,47,17,49
2013,10007,New York,584,256,328,57,527,44,76,44,80,88,156,45,146,73,149,118,295
2013,10008,New York,72,21,51,8,64,5,6,5,9,10,15,4,8,13,27,17,35
2013,10009,New York,18147,4325,13822,4051,14096,794,1168,1438,2351,2232,3519,801,1410,4357,9626,5158,11036
2013,10010,New York,2454,670,1784,502,1952,120,172,217,438,337,610,102,176,484,1134,586,1310
2013,10011,New York,5268,1540,3728,893,4375,268,376,432,728,700,1104,277,499,1058,2267,1335,2766
2013,10012,New York,2628,763,1865,388,2240,94,115,158,285,252,400,62,89,278,724,340,813
2013,10013,New York,9651,2180,7471,1628,8023,293,417,598,1258,891,1675,193,400,694,1942,887,2342
2013,10014,New York,1798,684,1114,174,1624,121,200,134,285,255,485,134,309,250,613,384,922
2013,10015,New York,7,3,4,0,7,0,0,1,1,1,1,0,0,1,1,1,1
2013,10016,New York,5939,1419,4520,956,4983,255,383,619,1258,874,1641,218,457,1407,3979,1625,4436
2013,10017,New York,729,186,543,99,630,29,48,77,135,106,183,20,32,131,405,151,437
2013,10018,New York,2903,750,2153,220,2683,198,291,416,998,614,1289,164,388,648,1760,812,2148
2013,10019,New York,6475,1795,4680,1288,5187,310,402,566,1069,876,1471,287,548,1426,3505,1713,4053
2013,10020,New York,54,10,44,16,38,1,1,3,5,4,6,1,4,16,46,17,50
2013,10021,New York,2189,992,1197,240,1949,159,209,149,416,308,625,112,232,270,763,382,995
2013,10022,New York,1159,404,755,160,999,57,78,79,183,136,261,75,153,193,415,268,568
2013,10023,New York,5745,1441,4304,904,4841,249,333,569,1145,818,1478,234,392,1367,3347,1601,3739
2013,10024,New York,5489,2068,3421,877,4612,389,541,399,699,788,1240,291,598,1033,2269,1324,2867
2013,10025,New York,20878,5736,15142,4476,16402,1179,1673,1697,3315,2876,4988,1073,1960,5230,11933,6303,13893
2013,10026,New York,15834,2175,13659,4568,11266,425,627,1372,2232,1797,2859,475,853,4530,9617,5005,10470
2013,10027,New York,26426,3602,22824,8027,18399,747,1110,2509,4379,3256,5489,858,1666,8080,18106,8938,19772
2013,10028,New York,1865,542,1323,282,1583,79,115,168,357,247,472,70,116,343,751,413,867
2013,12255,Albany,2,0,2,0,2,0,0,0,0,0,0,0,0,0,0,0,0
2013,10029,New York,43840,7199,36641,14056,29784,1486,2121,4203,6814,5689,8935,1380,2608,13139,28535,14519,31143
2013,10030,New York,15470,1851,13619,5016,10454,370,587,1450,2424,1820,3011,453,950,4734,9935,5187,10885
2013,10031,New York,31480,4727,26753,9177,22303,805,1125,2504,3593,3309,4718,888,1430,7722,15029,8610,16459
2013,10032,New York,34785,6445,28340,9070,25715,1035,1445,2576,3941,3611,5386,1021,1714,7805,14773,8826,16487
2013,10033,New York,30384,5261,25123,7940,22444,798,1076,2008,2754,2806,3830,788,1232,6279,11359,7067,12591
2013,10034,New York,22933,3399,19534,6423,16510,520,694,1536,2028,2056,2722,537,844,5131,8958,5668,9802
2013,10035,New York,22670,3599,19071,6164,16506,832,1275,2798,5589,3630,6864,770,1819,6664,15998,7434,17817
2013,10036,New York,6344,1608,4736,914,5430,324,466,541,970,865,1436,294,503,1366,2996,1660,3499
2013,10037,New York,9338,1532,7806,2714,6624,369,588,997,2119,1366,2707,301,624,2866,6801,3167,7425
2013,10038,New York,8791,2499,6292,2146,6645,406,600,516,1045,922,1645,388,820,1510,3732,1898,4552
2013,10039,New York,15279,1727,13552,5096,10183,305,455,1428,2325,1733,2780,361,708,4602,9323,4963,10031
2013,10040,New York,24470,4503,19967,6341,18129,695,934,1504,2054,2199,2988,640,966,5059,8751,5699,9717
2013,10041,New York,17,1,16,4,13,0,0,2,3,2,3,0,0,2,2,2,2
2013,10043,New York,8,0,8,3,5,0,0,3,5,3,5,0,0,5,12,5,12
2013,10044,New York,2397,821,1576,364,2033,166,237,245,455,411,692,76,139,332,632,408,771
2013,10045,New York,14,2,12,4,10,0,0,1,2,1,2,0,0,6,14,6,14
2013,10046,New York,20,2,18,7,13,0,0,1,3,1,3,0,0,2,2,2,2
2013,10047,New York,4,1,3,2,2,0,0,0,0,0,0,0,0,0,0,0,0
2013,10048,New York,10,1,9,5,5,1,2,1,1,2,3,1,8,1,1,2,9
2013,10055,New York,13,0,13,7,6,0,0,1,4,1,4,0,0,5,6,5,6
2013,10060,New York,4,0,4,3,1,0,0,0,0,0,0,0,0,1,1,1,1
2013,10065,New York,971,270,701,112,859,39,53,101,204,140,257,30,106,162,384,192,490
2013,10069,New York,130,21,109,30,100,2,2,6,8,8,10,1,2,20,54,21,56
2013,10072,New York,5,1,4,2,3,0,0,0,0,0,0,0,0,1,1,1,1
2013,10075,New York,986,462,524,127,859,103,137,60,78,163,215,54,81,94,204,148,285
2013,10079,New York,4,0,4,1,3,0,0,1,3,1,3,0,0,1,7,1,7
2013,10080,New York,1,0,1,0,1,0,0,0,0,0,0,0,0,0,0,0,0
2013,10081,New York,1,0,1,0,1,0,0,0,0,0,0,0,0,0,0,0,0
2013,10082,New York,3,0,3,0,3,0,0,0,0,0,0,0,0,0,0,0,0
2013,10090,New York,2,0,2,0,2,0,0,1,3,1,3,0,0,1,1,1,1
2013,10094,New York,1,0,1,0,1,0,0,0,0,0,0,0,0,0,0,0,0
2013,10096,New York,9,1,8,5,4,0,0,0,0,0,0,0,0,3,3,3,3
2013,10098,New York,3,0,3,2,1,0,0,0,0,0,0,0,0,0,0,0,0
2013,10099,New York,1,0,1,0,1,0,0,1,1,1,1,0,0,0,0,0,0
2013,10101,New York,96,23,73,18,78,4,5,9,18,13,23,9,23,27,77,36,100
2013,10104,New York,3,0,3,0,3,0,0,1,1,1,1,0,0,1,4,1,4
2013,10106,New York,1,0,1,0,1,0,0,0,0,0,0,0,0,1,1,1,1
2013,10107,New York,3,2,1,0,3,0,0,1,1,1,1,0,0,0,0,0,0
2013,10108,New York,128,49,79,9,119,9,14,15,17,24,31,9,18,24,49,33,67
2013,10109,New York,1,0,1,0,1,0,0,0,0,0,0,0,0,0,0,0,0
2013,10110,New York,1,0,1,0,1,0,0,1,2,1,2,0,0,0,0,0,0
2013,10111,New York,1,1,0,0,1,1,1,0,0,1,1,1,2,0,0,1,2
2013,10112,New York,2,0,2,0,2,0,0,1,2,1,2,0,0,1,30,1,30
2013,10113,New York,80,23,57,5,75,3,3,9,20,12,23,4,5,18,56,22,61
2013,10116,New York,428,168,260,29,399,47,64,38,77,85,141,37,82,95,226,132,308
2013,10117,New York,2,1,1,0,2,0,0,0,0,0,0,0,0,1,1,1,1
2013,10118,New York,66,55,11,0,66,9,13,0,0,9,13,15,31,4,7,19,38
2013,10119,New York,4,1,3,0,4,0,0,1,1,1,1,0,0,0,0,0,0
2013,10120,New York,4,0,4,1,3,0,0,1,2,1,2,0,0,0,0,0,0
2013,10121,New York,1,0,1,0,1,0,0,0,0,0,0,0,0,1,1,1,1
2013,10122,New York,7,1,6,0,7,0,0,3,3,3,3,0,0,2,8,2,8
2013,10123,New York,6,0,6,4,2,0,0,1,1,1,1,0,0,0,0,0,0
2013,10124,New York,3,0,3,2,1,0,0,0,0,0,0,0,0,0,0,0,0
2013,10125,New York,1,1,0,0,1,0,0,0,0,0,0,0,0,0,0,0,0
2013,10126,New York,2,0,2,0,2,0,0,0,0,0,0,0,0,1,1,1,1
2013,10128,New York,4809,1347,3462,978,3831,230,326,358,565,588,891,204,388,969,2189,1173,2577
2013,10129,New York,44,22,22,4,40,2,11,0,0,2,11,4,5,4,5,8,10
2013,10138,New York,275,176,99,3,272,51,71,28,66,79,137,43,117,40,138,83,255
2013,10150,New York,125,32,93,16,109,5,7,9,10,14,17,6,22,21,43,27,65
2013,10151,New York,2,1,1,1,1,0,0,0,0,0,0,1,1,0,0,1,1
2013,10154,New York,1,1,0,0,1,1,1,0,0,1,1,0,0,0,0,0,0
2013,10155,New York,1,1,0,0,1,0,0,0,0,0,0,0,0,0,0,0,0
2013,10156,New York,60,24,36,5,55,3,8,5,7,8,15,2,2,14,52,16,54
2013,10157,New York,2,0,2,0,2,0,0,1,1,1,1,0,0,1,1,1,1
2013,10158,New York,1,1,0,0,1,0,0,0,0,0,0,0,0,0,0,0,0
2013,10159,New York,76,31,45,6,70,3,3,6,17,9,20,3,4,19,49,22,53
2013,10162,New York,34,13,21,5,29,2,2,2,3,4,5,3,7,2,2,5,9
2013,10163,New York,138,40,98,12,126,7,10,7,9,14,19,8,17,20,43,28,60
2013,10165,New York,10,6,4,2,8,1,1,1,3,2,4,0,0,1,2,1,2
2013,10167,New York,2,0,2,1,1,0,0,0,0,0,0,0,0,0,0,0,0
2013,10168,New York,7,0,7,2,5,0,0,2,5,2,5,0,0,2,2,2,2
2013,10169,New York,1,0,1,0,1,0,0,0,0,0,0,0,0,0,0,0,0
2013,10172,New York,1,0,1,0,1,0,0,0,0,0,0,0,0,0,0,0,0
2013,10173,New York,4,0,4,3,1,0,0,0,0,0,0,0,0,3,6,3,6
2013,10174,New York,1,1,0,0,1,0,0,0,0,0,0,1,1,0,0,1,1
2013,10175,New York,2,2,0,0,2,0,0,0,0,0,0,0,0,0,0,0,0
2013,10177,New York,4,2,2,0,4,0,0,0,0,0,0,0,0,1,1,1,1
2013,10185,New York,42,21,21,1,41,3,5,2,2,5,7,2,8,8,14,10,22
2013,10199,New York,4,1,3,0,4,1,2,0,0,1,2,0,0,1,6,1,6
2013,10203,New York,15,0,15,11,4,0,0,2,2,2,2,0,0,5,8,5,8
2013,10212,New York,2,0,2,0,2,0,0,1,1,1,1,0,0,0,0,0,0
2013,10261,New York,4,0,4,2,2,0,0,2,2,2,2,0,0,1,2,1,2
2013,10265,New York,1,1,0,0,1,0,0,0,0,0,0,0,0,0,0,0,0
2013,10268,New York,86,4,82,53,33,0,0,13,20,13,20,1,3,30,65,31,68
2013,10270,New York,2,0,2,1,1,0,0,0,0,0,0,0,0,2,3,2,3
2013,10272,New York,221,99,122,15,206,24,40,19,39,43,79,40,70,51,127,91,197
2013,10274,New York,28,1,27,6,22,0,0,3,5,3,5,0,0,7,14,7,14
2013,10276,New York,1418,703,715,9,1409,229,395,211,489,440,884,179,419,302,1162,481,1581
2013,10278,New York,3,2,1,0,3,1,1,0,0,1,1,1,2,0,0,1,2
2013,10280,New York,402,75,327,96,306,5,6,24,51,29,57,10,20,47,242,57,262
2013,10281,New York,1,0,1,1,0,0,0,0,0,0,0,0,0,0,0,0,0
2013,10282,New York,190,46,144,44,146,6,8,9,12,15,20,4,9,22,31,26,40
2013,10292,New York,1,0,1,0,1,0,0,0,0,0,0,0,0,1,1,1,1
2013,10301,Richmond,15172,2349,12823,5444,9728,569,843,1407,2269,1976,3112,600,1362,4231,8719,4831,10081
2013,10302,Richmond,7530,684,6846,3439,4091,123,160,770,1083,893,1243,142,307,2182,4054,2324,4361
2013,10303,Richmond,12604,1062,11542,5139,7465,198,283,1126,1645,1324,1928,240,490,3455,6650,3695,7140
2013,10304,Richmond,19436,2506,16930,7140,12296,462,649,1800,2803,2262,3452,443,869,4979,9834,5422,10703
2013,10305,Richmond,13262,2189,11073,3907,9355,413,605,1204,1974,1617,2579,334,683,2773,5633,3107,6316
2013,10306,Richmond,12240,2316,9924,3237,9003,396,516,948,1506,1344,2022,268,439,2289,4322,2557,4761
2013,10307,Richmond,2153,289,1864,647,1506,45,60,174,269,219,329,32,47,463,830,495,877
2013,10308,Richmond,4174,650,3524,1104,3070,97,138,305,533,402,671,61,116,770,1387,831,1503
2013,10309,Richmond,5083,778,4305,1439,3644,115,149,437,680,552,829,110,193,929,1651,1039,1844
2013,10310,Richmond,9429,945,8484,3979,5450,135,208,911,1390,1046,1598,180,383,2897,6036,3077,6419
2013,10311,Richmond,3,0,3,1,2,0,0,0,0,0,0,0,0,1,3,1,3
2013,10312,Richmond,8981,1340,7641,2423,6558,194,255,666,1053,860,1308,138,257,1540,2684,1678,2941
2013,10313,Richmond,33,4,29,8,25,1,2,3,5,4,7,1,1,9,11,10,12
2013,10314,Richmond,21213,3600,17613,6263,14950,591,802,1633,2341,2224,3143,456,868,3656,6404,4112,7272
2013,10451,Bronx,33455,4046,29409,11631,21824,838,1281,3237,5041,4075,6322,861,1662,9613,19347,10474,21009
2013,10452,Bronx,58467,5622,52845,21517,36950,1049,1536,5352,7986,6401,9522,1014,1629,15866,29221,16880,30850
2013,10453,Bronx,62584,5833,56751,22137,40447,1146,1765,5761,8645,6907,10410,1064,1845,16455,30715,17519,32560
2013,10454,Bronx,30894,3543,27351,11759,19135,737,1115,3143,4881,3880,5996,781,1533,9101,18310,9882,19843
2013,10455,Bronx,31220,3411,27809,11540,19680,727,1157,3269,5636,3996,6793,750,1348,9226,18756,9976,20104
2013,10456,Bronx,69530,7162,62368,25375,44155,1669,2608,6900,11038,8569,13646,1394,2428,19776,38006,21170,40434
2013,10457,Bronx,60236,5415,54821,22918,37318,1178,1768,6392,10560,7570,12328,1027,2000,17951,36961,18978,38961
2013,10458,Bronx,55021,5080,49941,20760,34261,970,1505,5363,8284,6333,9789,930,1671,15393,30695,16323,32366
2013,10459,Bronx,35751,3990,31761,13046,22705,802,1216,3405,5374,4207,6590,714,1329,9124,17193,9838,18522
2013,10460,Bronx,41499,4506,36993,15328,26171,933,1460,4067,6496,5000,7956,805,1493,11204,21891,12009,23384
2013,10461,Bronx,17428,2453,14975,5391,12037,451,734,1643,2567,2094,3301,349,665,4429,8737,4778,9402
2013,10462,Bronx,38069,4202,33867,12850,25219,759,1112,3404,4710,4163,5822,671,1150,9346,17464,10017,18614
2013,10463,Bronx,26533,4935,21598,7774,18759,1039,1478,2031,2941,3070,4419,736,1144,5917,10828,6653,11972
2013,10464,Bronx,745,174,571,179,566,25,35,72,118,97,153,33,52,159,262,192,314
2013,10465,Bronx,11228,2158,9070,3371,7857,397,570,875,1314,1272,1884,315,491,2532,4863,2847,5354
2013,10466,Bronx,33552,3443,30109,12081,21471,757,1181,3333,4934,4090,6115,724,1259,10157,20166,10881,21425
2013,10467,Bronx,58513,7102,51411,20762,37751,1590,2497,5679,8599,7269,11096,1335,2446,17405,34871,18740,37317
2013,10468,Bronx,52078,5351,46727,18212,33866,970,1475,4668,6609,5638,8084,830,1404,13180,24157,14010,25561
2013,10469,Bronx,28496,4719,23777,9277,19219,1245,1909,2543,3722,3788,5631,745,1313,7035,13281,7780,14594
2013,10470,Bronx,5512,523,4989,2081,3431,103,161,571,825,674,986,87,147,1602,3278,1689,3425
2013,10471,Bronx,4363,1807,2556,796,3567,356,499,318,469,674,968,198,350,578,1018,776,1368
2013,10472,Bronx,44089,4632,39457,16881,27208,889,1316,4291,6138,5180,7454,799,1342,11462,21166,12261,22508
2013,10473,Bronx,31011,4211,26800,10280,20731,785,1162,2615,3870,3400,5032,732,1234,7750,14197,8482,15431
2013,10474,Bronx,8945,758,8187,3556,5389,141,259,898,1472,1039,1731,155,346,2266,4397,2421,4743
2013,10475,Bronx,10887,2355,8532,2953,7934,496,766,894,1343,1390,2109,336,632,2410,4522,2746,5154
2013,10499,Bronx,1,1,0,0,1,0,0,0,0,0,0,0,0,0,0,0,0
2013,10501,Westchester,76,12,64,25,51,2,2,6,6,8,8,1,3,10,19,11,22
2013,10502,Westchester,346,80,266,70,276,6,6,17,24,23,30,8,17,50,68,58,85
2013,10503,Westchester,16,4,12,3,13,0,0,0,0,0,0,1,1,2,3,3,4
2013,10504,Westchester,247,64,183,58,189,7,12,6,6,13,18,9,10,40,58,49,68
2013,10505,Westchester,95,27,68,31,64,2,2,3,3,5,5,6,10,19,37,25,47
2013,10506,Westchester,143,28,115,61,82,5,6,9,35,14,41,3,3,17,108,20,111
2013,10507,Westchester,1368,137,1231,467,901,14,16,141,200,155,216,16,42,231,428,247,470
2013,10509,Putnam,1874,517,1357,654,1220,53,63,170,222,223,285,76,162,303,503,379,665
2013,10510,Westchester,369,156,213,53,316,34,44,31,44,65,88,23,53,47,78,70,131
2013,10511,Westchester,287,37,250,118,169,5,7,21,29,26,36,11,37,77,170,88,207
2013,10512,Putnam,2091,475,1616,736,1355,66,89,195,290,261,379,86,177,419,817,505,994
2013,10514,Westchester,293,70,223,84,209,7,7,30,39,37,46,6,6,46,77,52,83
2013,10516,Putnam,274,67,207,87,187,5,6,34,40,39,46,11,23,42,83,53,106
2013,10517,Westchester,91,14,77,33,58,3,3,5,6,8,9,3,3,17,33,20,36
2013,10518,Westchester,30,6,24,7,23,1,1,3,15,4,16,0,0,8,13,8,13
2013,10519,Westchester,65,12,53,21,44,2,2,7,15,9,17,2,3,11,13,13,16
2013,10520,Westchester,1089,456,633,234,855,98,117,71,100,169,217,62,104,163,282,225,386
2013,10521,Westchester,11,3,8,1,10,0,0,3,6,3,6,1,3,4,7,5,10
2013,10522,Westchester,1091,356,735,272,819,56,61,80,122,136,183,38,50,219,413,257,463
2013,10523,Westchester,1801,176,1625,707,1094,21,33,194,288,215,321,24,43,436,829,460,872
2013,10524,Putnam,410,127,283,62,348,17,23,58,128,75,151,33,62,78,221,111,283
2013,10526,Westchester,144,18,126,46,98,2,6,16,22,18,28,4,6,28,48,32,54
2013,10527,Westchester,36,9,27,11,25,1,1,6,6,7,7,1,1,3,7,4,8
2013,10528,Westchester,1012,185,827,295,717,23,35,80,159,103,194,25,65,175,281,200,346
2013,10530,Westchester,890,255,635,207,683,26,32,61,86,87,118,39,115,135,239,174,354
2013,10532,Westchester,541,233,308,128,413,43,54,59,103,102,157,48,95,84,181,132,276
2013,10533,Westchester,407,87,320,100,307,10,13,24,33,34,46,15,43,75,140,90,183
2013,10535,Westchester,144,15,129,64,80,3,4,10,12,13,16,2,10,39,60,41,70
2013,10536,Westchester,370,66,304,121,249,13,19,36,51,49,70,6,18,65,94,71,112
2013,10537,Putnam,274,36,238,98,176,5,6,26,29,31,35,12,25,73,124,85,149
2013,10538,Westchester,581,158,423,134,447,23,32,39,55,62,87,21,44,64,105,85,149
2013,10540,Westchester,71,13,58,33,38,0,0,6,6,6,6,1,2,14,21,15,23
2013,10541,Putnam,1527,302,1225,519,1008,27,39,151,216,178,255,34,100,313,550,347,650
2013,10542,Putnam,71,12,59,29,42,2,4,7,8,9,12,3,4,19,34,22,38
2013,10543,Westchester,2958,609,2349,1093,1865,77,110,251,342,328,452,85,178,535,906,620,1084
2013,10545,Westchester,247,244,3,0,247,30,34,1,1,31,35,23,34,0,0,23,34
2013,10546,Westchester,44,12,32,9,35,5,5,1,1,6,6,1,1,7,10,8,11
2013,10547,Westchester,1246,351,895,360,886,64,94,99,180,163,274,99,270,308,672,407,942
2013,10548,Westchester,477,199,278,99,378,32,36,30,37,62,73,29,43,77,149,106,192
2013,10549,Westchester,2704,433,2271,1167,1537,64,99,289,374,353,473,95,172,608,1075,703,1247
2013,10550,Westchester,17998,2116,15882,6497,11501,418,584,1690,2399,2108,2983,441,792,4722,9146,5163,9938
2013,10551,Westchester,212,52,160,58,154,12,17,17,31,29,48,10,30,47,101,57,131
2013,10552,Westchester,3457,752,2705,1006,2451,110,131,283,414,393,545,101,154,652,1084,753,1238
2013,10553,Westchester,2956,353,2603,992,1964,62,118,223,311,285,429,67,117,735,1329,802,1446
2013,10557,Westchester,1,1,0,0,1,0,0,0,0,0,0,0,0,0,0,0,0
2013,10558,Westchester,4,1,3,1,3,0,0,0,0,0,0,0,0,1,1,1,1
2013,10560,Westchester,192,84,108,39,153,11,15,10,12,21,27,15,19,33,51,48,70
2013,10562,Westchester,6070,778,5292,2819,3251,104,147,651,795,755,942,121,225,1475,2534,1596,2759
2013,10566,Westchester,6971,932,6039,3131,3840,163,212,763,961,926,1173,255,644,2081,4135,2336,4779
2013,10567,Westchester,1571,410,1161,458,1113,72,94,125,192,197,286,82,154,301,609,383,763
2013,10570,Westchester,682,123,559,234,448,13,18,81,127,94,145,17,46,152,276,169,322
2013,10571,Westchester,4,0,4,2,2,0,0,1,1,1,1,0,0,1,1,1,1
2013,10572,Westchester,6,1,5,4,2,1,1,0,0,1,1,1,1,1,1,2,2
2013,10573,Westchester,8594,1057,7537,3977,4617,140,176,885,1110,1025,1286,99,186,1585,2407,1684,2593
2013,10576,Westchester,129,32,97,22,107,2,2,11,17,13,19,4,4,23,56,27,60
2013,10577,Westchester,114,38,76,19,95,6,8,11,30,17,38,10,31,21,39,31,70
2013,10578,Westchester,258,197,61,27,231,33,33,8,11,41,44,12,25,24,34,36,59
2013,10579,Putnam,435,84,351,143,292,5,6,43,63,48,69,15,27,96,182,111,209
2013,10580,Westchester,492,123,369,129,363,10,10,36,64,46,74,6,10,76,129,82,139
2013,10583,Westchester,1389,455,934,239,1150,79,99,72,116,151,215,64,110,151,256,215,366
2013,10587,Westchester,38,13,25,8,30,1,1,5,8,6,9,0,0,5,7,5,7
2013,10588,Westchester,241,44,197,76,165,6,7,15,21,21,28,8,26,52,74,60,100
2013,10589,Westchester,469,308,161,44,425,43,57,16,21,59,78,33,55,35,55,68,110
2013,10590,Westchester,199,51,148,43,156,6,6,16,27,22,33,2,2,22,32,24,34
2013,10591,Westchester,4421,794,3627,1581,2840,120,171,344,455,464,626,143,310,1038,1767,1181,2077
2013,10594,Westchester,337,75,262,91,246,10,11,19,27,29,38,13,23,51,78,64,101
2013,10595,Westchester,899,251,648,124,775,43,65,116,231,159,296,42,109,223,832,265,941
2013,10596,Westchester,298,46,252,92,206,6,7,25,50,31,57,11,18,84,164,95,182
2013,10597,Westchester,25,3,22,8,17,0,0,5,5,5,5,0,0,3,4,3,4
2013,10598,Westchester,1555,415,1140,391,1164,45,62,92,127,137,189,59,108,272,515,331,623
2013,10601,Westchester,3068,517,2551,1107,1961,83,118,305,462,388,580,131,271,940,1995,1071,2266
2013,10602,Westchester,116,30,86,37,79,7,9,8,13,15,22,9,24,27,65,36,89
2013,10603,Westchester,3202,547,2655,1169,2033,67,86,253,395,320,481,115,360,763,1517,878,1877
2013,10604,Westchester,1570,206,1364,606,964,24,27,143,195,167,222,40,88,367,632,407,720
2013,10605,Westchester,2100,410,1690,707,1393,62,82,215,306,277,388,79,201,486,888,565,1089
2013,10606,Westchester,4117,691,3426,1736,2381,88,117,468,564,556,681,126,252,1032,1839,1158,2091
2013,10607,Westchester,1253,193,1060,492,761,26,41,133,170,159,211,37,70,270,465,307,535
2013,10701,Westchester,30141,3938,26203,11918,18223,877,1324,3050,4457,3927,5781,870,1904,8776,16726,9646,18630
2013,10702,Westchester,399,85,314,81,318,15,30,57,123,72,153,25,56,129,325,154,381
2013,10703,Westchester,6713,1003,5710,2460,4253,205,318,585,895,790,1213,232,483,1817,3352,2049,3835
2013,10704,Westchester,5732,854,4878,1841,3891,129,205,497,704,626,909,122,218,1174,1914,1296,2132
2013,10705,Westchester,17251,1889,15362,6764,10487,365,482,1597,2251,1962,2733,409,854,4749,8747,5158,9601
2013,10706,Westchester,699,236,463,152,547,55,68,47,82,102,150,32,52,114,213,146,265
2013,10707,Westchester,1061,196,865,335,726,35,46,64,100,99,146,32,60,215,369,247,429
2013,10708,Westchester,1067,262,805,246,821,37,51,92,117,129,168,37,84,200,288,237,372
2013,10709,Westchester,638,166,472,167,471,21,33,45,57,66,90,20,26,94,146,114,172
2013,10710,Westchester,3829,762,3067,1066,2763,112,144,319,478,431,622,86,136,755,1322,841,1458
2013,10801,Westchester,12397,1984,10413,4761,7636,342,533,1109,1547,1451,2080,397,776,2885,5338,3282,6114
2013,12879,Essex,1,0,1,1,0,0,0,0,0,0,0,0,0,0,0,0,0
2013,10802,Westchester,175,110,65,18,157,31,37,11,21,42,58,16,22,17,28,33,50
2013,10803,Westchester,797,147,650,242,555,14,24,47,71,61,95,15,24,157,262,172,286
2013,10804,Westchester,523,211,312,89,434,18,26,35,47,53,73,18,28,53,147,71,175
2013,10805,Westchester,4023,1039,2984,1245,2778,222,302,303,404,525,706,147,266,752,1319,899,1585
2013,10901,Rockland,2859,721,2138,963,1896,89,115,226,285,315,400,114,211,429,740,543,951
2013,10910,Orange,7,2,5,2,5,0,0,0,0,0,0,0,0,1,5,1,5
2013,10911,Rockland,3,0,3,0,3,0,0,0,0,0,0,0,0,0,0,0,0
2013,10912,Orange,9,1,8,1,8,0,0,0,0,0,0,0,0,3,5,3,5
2013,10913,Rockland,448,174,274,85,363,22,29,36,57,58,86,22,57,87,169,109,226
2013,10914,Orange,57,8,49,16,41,0,0,4,4,4,4,1,1,7,7,8,8
2013,10915,Orange,91,21,70,31,60,7,8,11,11,18,19,6,13,20,31,26,44
2013,10916,Orange,486,166,320,111,375,42,69,33,54,75,123,36,117,75,154,111,271
2013,10917,Orange,244,18,226,119,125,0,0,28,42,28,42,2,14,41,62,43,76
2013,10918,Orange,1073,158,915,369,704,21,27,90,116,111,143,21,42,199,318,220,360
2013,10919,Orange,128,27,101,32,96,4,6,9,13,13,19,2,2,24,36,26,38
2013,10920,Rockland,1061,216,845,325,736,38,50,86,116,124,166,39,50,207,377,246,427
2013,10921,Orange,407,61,346,155,252,4,6,23,31,27,37,11,22,78,144,89,166
2013,10922,Orange,115,12,103,38,77,1,1,8,8,9,9,4,9,21,49,25,58
2013,10923,Rockland,1960,288,1672,683,1277,36,52,185,251,221,303,58,137,449,779,507,916
2013,10924,Orange,2318,811,1507,757,1561,151,185,158,236,309,421,149,363,364,809,513,1172
2013,10925,Orange,700,100,600,207,493,16,24,76,121,92,145,12,20,157,298,169,318
2013,10926,Orange,522,64,458,184,338,10,11,36,53,46,64,6,15,76,151,82,166
2013,10927,Rockland,5980,928,5052,2372,3608,151,217,536,730,687,947,177,323,1366,2293,1543,2616
2013,10928,Orange,697,85,612,272,425,14,16,62,86,76,102,16,48,169,347,185,395
2013,10930,Orange,741,86,655,324,417,14,18,66,74,80,92,12,89,105,169,117,258
2013,10931,Rockland,175,15,160,70,105,0,0,14,19,14,19,2,3,40,52,42,55
2013,10932,Orange,36,7,29,9,27,0,0,3,5,3,5,0,0,2,2,2,2
2013,10933,Orange,44,11,33,13,31,2,3,5,9,7,12,5,8,6,16,11,24
2013,10940,Orange,14337,2216,12121,5795,8542,358,482,1276,1735,1634,2217,531,1523,3216,6428,3747,7951
2013,10941,Orange,2436,587,1849,740,1696,93,143,185,243,278,386,154,421,431,870,585,1291
2013,10943,Orange,3,0,3,0,3,0,0,0,0,0,0,0,0,0,0,0,0
2013,10949,Orange,57,25,32,9,48,2,2,4,16,6,18,0,0,12,27,12,27
2013,10950,Orange,23416,618,22798,14143,9273,97,166,2268,2481,2365,2647,79,230,1729,2300,1808,2530
2013,10952,Rockland,24161,943,23218,13709,10452,161,222,2563,2894,2724,3116,179,354,2006,2758,2185,3112
2013,10953,Orange,39,2,37,15,24,1,1,2,2,3,3,0,0,7,14,7,14
2013,10954,Rockland,3700,834,2866,1186,2514,136,174,291,403,427,577,119,190,663,1100,782,1290
2013,10956,Rockland,3054,748,2306,862,2192,140,198,237,325,377,523,114,196,495,868,609,1064
2013,10958,Orange,386,54,332,142,244,8,8,17,28,25,36,10,17,64,97,74,114
2013,10959,Orange,6,1,5,0,6,0,0,0,0,0,0,0,0,1,1,1,1
2013,10960,Rockland,2261,368,1893,769,1492,65,90,216,297,281,387,87,132,571,1133,658,1265
2013,10962,Rockland,449,133,316,94,355,16,36,41,62,57,98,23,42,70,119,93,161
2013,10963,Orange,396,62,334,149,247,13,17,24,38,37,55,5,14,83,169,88,183
2013,10964,Rockland,51,12,39,15,36,2,2,5,6,7,8,3,4,7,15,10,19
2013,10965,Rockland,1032,171,861,319,713,14,20,87,151,101,171,26,50,196,339,222,389
2013,10968,Rockland,142,14,128,53,89,1,2,13,14,14,16,0,0,39,78,39,78
2013,10969,Orange,153,13,140,67,86,1,1,15,22,16,23,3,4,32,48,35,52
2013,10970,Rockland,2108,459,1649,670,1438,76,119,167,245,243,364,73,121,395,776,468,897
2013,10973,Orange,266,38,228,79,187,3,4,20,28,23,32,6,16,63,104,69,120
2013,10974,Rockland,387,54,333,141,246,10,11,41,51,51,62,9,20,79,140,88,160
2013,10975,Orange,19,3,16,6,13,1,1,5,6,6,7,0,0,4,6,4,6
2013,10976,Rockland,335,204,131,65,270,30,36,15,16,45,52,25,36,31,49,56,85
2013,10977,Rockland,31145,1803,29342,16663,14482,305,388,3280,3858,3585,4246,347,682,4707,7352,5054,8034
2013,10979,Orange,23,6,17,7,16,1,1,0,0,1,1,1,3,4,13,5,16
2013,10980,Rockland,1535,234,1301,536,999,29,36,134,186,163,222,36,61,307,540,343,601
2013,10981,Orange,70,9,61,24,46,0,0,3,3,3,3,0,0,10,23,10,23
2013,10982,Rockland,84,12,72,33,51,1,1,3,3,4,4,1,2,14,21,15,23
2013,10983,Rockland,363,60,303,108,255,6,7,27,30,33,37,6,8,61,94,67,102
2013,10984,Rockland,423,202,221,60,363,24,29,21,28,45,57,65,154,66,122,131,276
2013,10985,Orange,29,4,25,12,17,1,1,3,4,4,5,1,3,4,6,5,9
2013,10986,Rockland,230,33,197,73,157,4,4,13,15,17,19,4,4,66,107,70,111
2013,10987,Orange,155,22,133,44,111,3,4,14,26,17,30,2,4,25,39,27,43
2013,10988,Orange,139,8,131,55,84,0,0,10,14,10,14,1,1,41,218,42,219
2013,10989,Rockland,974,362,612,227,747,77,98,59,88,136,186,43,71,161,269,204,340
2013,10990,Orange,1725,456,1269,476,1249,55,73,128,195,183,268,45,89,290,494,335,583
2013,10992,Orange,917,193,724,270,647,24,28,77,121,101,149,29,75,157,313,186,388
2013,10993,Rockland,1402,235,1167,496,906,34,46,121,168,155,214,43,67,337,566,380,633
2013,10994,Rockland,576,122,454,164,412,13,16,58,91,71,107,18,33,119,207,137,240
2013,10996,Orange,34,3,31,17,17,0,0,3,3,3,3,0,0,4,4,4,4
2013,10997,Orange,8,1,7,2,6,0,0,0,0,0,0,0,0,1,1,1,1
2013,10998,Orange,273,42,231,93,180,6,6,20,28,26,34,3,3,47,78,50,81
2013,11001,Nassau,3598,530,3068,937,2661,73,99,254,388,327,487,58,100,581,938,639,1038
2013,11002,Queens,40,11,29,4,36,2,5,4,6,6,11,1,1,9,18,10,19
2013,11003,Nassau,11129,1334,9795,3527,7602,187,297,869,1242,1056,1539,154,282,2221,3695,2375,3977
2013,11004,Queens,3109,506,2603,712,2397,89,147,199,288,288,435,48,100,446,726,494,826
2013,11005,Queens,41,26,15,0,41,3,5,2,5,5,10,3,8,4,9,7,17
2013,11010,Nassau,2736,655,2081,627,2109,86,116,189,293,275,409,70,100,429,724,499,824
2013,11020,Nassau,770,135,635,226,544,18,22,64,78,82,100,18,29,152,260,170,289
2013,11021,Nassau,2009,809,1200,328,1681,141,181,90,132,231,313,93,142,209,343,302,485
2013,11022,Nassau,16,0,16,0,16,0,0,3,11,3,11,0,0,7,15,7,15
2013,11023,Nassau,1112,320,792,264,848,60,74,55,77,115,151,41,65,140,201,181,266
2013,11024,Nassau,859,211,648,228,631,28,39,65,97,93,136,19,28,171,293,190,321
2013,11025,Nassau,1,1,0,0,1,0,0,0,0,0,0,0,0,0,0,0,0
2013,11026,Nassau,11,1,10,2,9,0,0,0,0,0,0,1,2,4,7,5,9
2013,11027,Nassau,10,1,9,0,10,0,0,0,0,0,0,0,0,0,0,0,0
2013,11030,Nassau,713,268,445,112,601,45,56,38,74,83,130,24,43,90,166,114,209
2013,11040,Nassau,5106,1277,3829,1036,4070,181,245,325,488,506,733,100,163,571,1031,671,1194
2013,11041,Nassau,1,0,1,0,1,0,0,0,0,0,0,0,0,1,5,1,5
2013,11042,Nassau,47,30,17,5,42,9,12,4,7,13,19,7,11,2,3,9,14
2013,11043,Nassau,1,1,0,0,1,1,2,0,0,1,2,1,1,0,0,1,1
2013,11044,Nassau,2,1,1,0,2,0,0,1,1,1,1,0,0,0,0,0,0
2013,11050,Nassau,3115,604,2511,962,2153,74,99,300,386,374,485,83,166,596,946,679,1112
2013,11051,Nassau,3,1,2,0,3,0,0,0,0,0,0,0,0,1,1,1,1
2013,11052,Nassau,3,0,3,1,2,0,0,1,6,1,6,0,0,1,9,1,9
2013,11054,Nassau,6,0,6,3,3,0,0,2,2,2,2,0,0,5,5,5,5
2013,11096,Nassau,3522,429,3093,1428,2094,53,66,299,413,352,479,51,79,706,1150,757,1229
2013,11101,Queens,13718,1550,12168,3789,9929,228,320,932,1340,1160,1660,238,493,3114,5605,3352,6098
2013,11102,Queens,13649,1767,11882,4371,9278,355,493,1039,1463,1394,1956,263,415,3159,5841,3422,6256
2013,11103,Queens,11558,1136,10422,3524,8034,150,217,869,1162,1019,1379,127,182,2065,3321,2192,3503
2013,11104,Queens,9598,1190,8408,2767,6831,179,242,659,906,838,1148,105,158,1559,2609,1664,2767
2013,11105,Queens,9759,1472,8287,2548,7211,217,294,647,943,864,1237,150,219,1581,2636,1731,2855
2013,11106,Queens,14667,2051,12616,4442,10225,343,464,1109,1632,1452,2096,276,567,2926,5006,3202,5573
2013,11109,Queens,128,12,116,27,101,2,5,10,13,12,18,0,0,12,17,12,17
2013,11120,Queens,24,1,23,10,14,0,0,0,0,0,0,0,0,6,12,6,12
2013,11201,Kings,11429,2594,8835,2384,9045,570,910,956,1871,1526,2781,416,816,2600,6272,3016,7088
2013,11202,Kings,545,106,439,118,427,17,24,39,71,56,95,19,51,114,264,133,315
2013,11203,Kings,32653,4212,28441,10391,22262,884,1374,2981,4528,3865,5902,665,1170,7225,13595,7890,14765
2013,11204,Kings,46579,5452,41127,15968,30611,763,1006,3001,3679,3764,4685,450,633,4489,6762,4939,7395
2013,11205,Kings,22534,1973,20561,10388,12146,399,548,2136,2998,2535,3546,336,780,4342,8809,4678,9589
2013,11206,Kings,52739,6083,46656,21078,31661,1017,1539,4315,6095,5332,7634,881,1567,11434,23350,12315,24917
2013,11207,Kings,59356,6033,53323,21393,37963,1269,1899,5471,8993,6740,10892,1168,2154,16408,33145,17576,35299
2013,11208,Kings,61140,5394,55746,21644,39496,1015,1454,5392,7974,6407,9428,1006,1952,15288,28606,16294,30558
2013,11209,Kings,21383,3225,18158,6349,15034,527,709,1629,2220,2156,2929,330,513,2981,4826,3311,5339
2013,11210,Kings,25064,2543,22521,8564,16500,425,632,2044,2757,2469,3389,337,596,4732,8113,5069,8709
2013,11211,Kings,40113,4332,35781,16936,23177,744,1046,3617,4837,4361,5883,602,987,5022,8855,5624,9842
2013,11212,Kings,57303,5781,51522,21587,35716,1137,1772,5341,8144,6478,9916,1143,2322,16560,33151,17703,35473
2013,11213,Kings,36743,3905,32838,12907,23836,787,1187,3482,5366,4269,6553,732,1479,8351,16641,9083,18120
2013,11214,Kings,47155,7971,39184,12889,34266,1243,1732,2827,3701,4070,5433,643,1048,4898,7661,5541,8709
2013,11215,Kings,8098,1573,6525,2112,5986,291,404,690,1200,981,1604,222,350,1600,3437,1822,3787
2013,11216,Kings,23831,2843,20988,6868,16963,581,897,2308,4122,2889,5019,491,932,6185,13222,6676,14154
2013,11217,Kings,9397,2211,7186,2122,7275,549,810,914,1611,1463,2421,475,906,2364,5049,2839,5955
2013,11218,Kings,40630,3727,36903,15434,25196,732,1058,2968,3733,3700,4791,524,756,6272,9814,6796,10570
2013,11219,Kings,73277,5322,67955,31854,41423,919,1375,6109,7088,7028,8463,636,959,7162,10984,7798,11943
2013,11220,Kings,88014,6412,81602,30265,57749,928,1251,7225,8886,8153,10137,793,1273,10728,17881,11521,19154
2013,11221,Kings,44232,5009,39223,15056,29176,1035,1597,4351,7149,5386,8746,1006,1895,12578,26490,13584,28385
2013,11222,Kings,7521,1253,6268,1751,5770,206,277,628,1046,834,1323,115,181,1162,2262,1277,2443
2013,11223,Kings,39040,6129,32911,11490,27550,1035,1408,2618,3544,3653,4952,625,984,4773,8033,5398,9017
2013,11224,Kings,27525,8007,19518,6886,20639,1666,2300,1861,2924,3527,5224,858,1331,4480,8163,5338,9494
2013,11225,Kings,25359,2941,22418,8212,17147,486,679,2201,3277,2687,3956,469,777,5356,10088,5825,10865
2013,11226,Kings,55925,6002,49923,19552,36373,1093,1538,4926,6931,6019,8469,953,1522,12721,22879,13674,24401
2013,11228,Kings,15283,2064,13219,4296,10987,288,381,987,1240,1275,1621,228,373,1683,2632,1911,3005
2013,11229,Kings,34375,6255,28120,9034,25341,1077,1380,2136,2891,3213,4271,463,686,3856,6467,4319,7153
2013,11230,Kings,43267,6347,36920,14555,28712,1246,1697,3066,3884,4312,5581,651,974,5561,8819,6212,9793
2013,11231,Kings,8567,1457,7110,2573,5994,287,393,767,1163,1054,1556,276,500,2236,4389,2512,4889
2013,11232,Kings,14588,1153,13435,5702,8886,188,263,1259,1624,1447,1887,178,271,2947,5034,3125,5305
2013,11233,Kings,38392,4013,34379,13319,25073,851,1319,3992,7047,4843,8366,771,1489,10995,23596,11766,25085
2013,11234,Kings,24829,3373,21456,7558,17271,583,858,1930,2626,2513,3484,446,731,4383,7404,4829,8135
2013,11235,Kings,38718,9893,28825,8982,29736,1956,2559,2522,3559,4478,6118,785,1118,4518,7852,5303,8970
2013,11236,Kings,38649,4765,33884,12299,26350,1009,1567,3105,4507,4114,6074,758,1338,8177,14470,8935,15808
2013,11237,Kings,26856,2514,24342,10944,15912,446,677,2608,3683,3054,4360,450,762,7554,14782,8004,15544
2013,11238,Kings,13675,2453,11222,3664,10011,546,809,1173,2091,1719,2900,400,716,3188,6400,3588,7116
2013,11239,Kings,7568,2935,4633,1465,6103,593,768,423,752,1016,1520,314,513,1135,2203,1449,2716
2013,11240,Kings,11,2,9,1,10,0,0,0,0,0,0,0,0,2,2,2,2
2013,11241,Kings,23,2,21,14,9,1,2,0,0,1,2,1,1,1,2,2,3
2013,11242,Kings,20,0,20,10,10,0,0,0,0,0,0,0,0,3,3,3,3
2013,11243,Kings,7,0,7,1,6,0,0,3,3,3,3,0,0,2,3,2,3
2013,11244,Kings,15,1,14,7,8,1,1,2,3,3,4,0,0,3,6,3,6
2013,11245,Kings,8,0,8,3,5,0,0,2,2,2,2,0,0,1,1,1,1
2013,11247,Kings,184,53,131,32,152,7,11,10,16,17,27,11,31,33,80,44,111
2013,11248,Kings,1,0,1,0,1,0,0,0,0,0,0,0,0,0,0,0,0
2013,11249,Kings,6748,885,5863,2849,3899,178,232,616,770,794,1002,143,294,782,1404,925,1698
2013,11251,Kings,2,0,2,0,2,0,0,0,0,0,0,0,0,0,0,0,0
2013,11252,Kings,13,1,12,1,12,0,0,8,11,8,11,0,0,2,3,2,3
2013,11254,Kings,8,0,8,2,6,0,0,4,5,4,5,0,0,4,8,4,8
2013,11255,Kings,43,1,42,13,30,0,0,0,0,0,0,1,1,10,25,11,26
2013,11256,Kings,5,1,4,0,5,0,0,1,2,1,2,0,0,0,0,0,0
2013,11351,Queens,345,155,190,2,343,27,35,44,74,71,109,51,106,90,223,141,329
2013,11352,Queens,439,69,370,78,361,7,9,15,26,22,35,9,10,53,99,62,109
2013,11354,Queens,29404,5121,24283,5584,23820,896,1209,1755,2479,2651,3688,551,947,2983,4977,3534,5924
2013,11355,Queens,61110,6616,54494,13554,47556,925,1216,3684,4680,4609,5896,725,1163,5902,9413,6627,10576
2013,11356,Queens,10589,1060,9529,3274,7315,148,212,763,1015,911,1227,132,230,1953,3348,2085,3578
2013,11357,Queens,7757,1620,6137,1729,6028,288,443,503,812,791,1255,208,388,1010,1987,1218,2375
2013,11358,Queens,11423,1512,9911,2788,8635,170,212,728,953,898,1165,117,198,1396,2279,1513,2477
2013,11359,Queens,31,5,26,5,26,0,0,1,1,1,1,0,0,2,4,2,4
2013,11360,Queens,2768,718,2050,606,2162,85,96,151,217,236,313,55,95,271,418,326,513
2013,11361,Queens,7395,1339,6056,1713,5682,175,221,401,548,576,769,103,166,751,1170,854,1336
2013,11362,Queens,3251,671,2580,716,2535,84,100,140,190,224,290,31,42,293,408,324,450
2013,11363,Queens,1123,170,953,254,869,20,27,60,89,80,116,16,22,120,189,136,211
2013,11364,Queens,9139,1517,7622,2040,7099,192,244,424,587,616,831,114,177,775,1171,889,1348
2013,11365,Queens,15551,2245,13306,4182,11369,280,341,893,1226,1173,1567,243,422,2174,3748,2417,4170
2013,11366,Queens,4525,746,3779,1135,3390,122,153,414,1068,536,1221,89,131,659,1157,748,1288
2013,11367,Queens,16474,2156,14318,5016,11458,296,400,1170,1526,1466,1926,288,475,2825,4930,3113,5405
2013,11368,Queens,64166,5343,58823,28283,35883,896,1183,6263,7945,7159,9128,736,1163,15637,28303,16373,29466
2013,11369,Queens,19464,1844,17620,7223,12241,381,533,1646,2165,2027,2698,268,447,4580,8207,4848,8654
2013,11370,Queens,15399,1318,14081,4158,11241,189,256,1225,1811,1414,2067,138,239,2946,5284,3084,5523
2013,11371,Queens,26,1,25,7,19,0,0,3,3,3,3,0,0,3,4,3,4
2013,11372,Queens,32165,3601,28564,10781,21384,502,662,2525,3214,3027,3876,367,579,7219,12924,7586,13503
2013,11373,Queens,55749,5369,50380,18074,37675,743,1028,4203,5372,4946,6400,504,852,9715,17501,10219,18353
2013,11374,Queens,16248,3434,12814,3699,12549,574,772,1019,1335,1593,2107,390,575,2192,3467,2582,4042
2013,11375,Queens,15141,3617,11524,3179,11962,589,745,897,1259,1486,2004,396,639,1922,3256,2318,3895
2013,11377,Queens,41820,4086,37734,13356,28464,551,730,3027,3872,3578,4602,419,652,7808,13431,8227,14083
2013,11378,Queens,10536,1135,9401,3479,7057,187,263,915,1249,1102,1512,125,191,1927,3219,2052,3410
2013,11379,Queens,7462,1438,6024,1934,5528,254,337,506,737,760,1074,126,196,1063,1859,1189,2055
2013,11380,Queens,49,19,30,12,37,5,8,4,4,9,12,4,8,8,15,12,23
2013,11381,Queens,9,0,9,5,4,0,0,1,1,1,1,0,0,2,4,2,4
2013,11385,Queens,40135,3776,36359,14047,26088,575,779,3418,4551,3993,5330,485,761,8626,15252,9111,16013
2013,11386,Queens,187,55,132,42,145,9,20,12,32,21,52,8,15,46,147,54,162
2013,11390,Queens,2,0,2,1,1,0,0,1,1,1,1,0,0,1,1,1,1
2013,11405,Queens,7,0,7,2,5,0,0,0,0,0,0,0,0,2,3,2,3
2013,11411,Queens,5386,657,4729,1615,3771,96,141,386,574,482,715,80,134,1061,1854,1141,1988
2013,11412,Queens,13035,1355,11680,4364,8671,227,355,1107,1644,1334,1999,194,350,2992,5414,3186,5764
2013,11413,Queens,13000,1289,11711,4282,8718,210,307,1217,1961,1427,2268,174,288,3121,5668,3295,5956
2013,11414,Queens,4702,818,3884,1349,3353,115,158,331,514,446,672,73,122,800,1414,873,1536
2013,11415,Queens,6042,993,5049,1636,4406,165,210,440,636,605,846,124,195,1013,1676,1137,1871
2013,11416,Queens,14428,1096,13332,4810,9618,172,245,1084,1466,1256,1711,179,303,3082,5299,3261,5602
2013,11417,Queens,13340,1305,12035,4158,9182,184,241,991,1390,1175,1631,193,338,2634,4401,2827,4739
2013,11418,Queens,18200,1735,16465,6101,12099,297,406,1431,1952,1728,2358,276,467,4015,7098,4291,7565
2013,11419,Queens,26124,2189,23935,8032,18092,427,599,2010,2845,2437,3444,337,566,5290,9040,5627,9606
2013,11420,Queens,20740,1908,18832,6592,14148,374,525,1595,2330,1969,2855,329,563,4260,7252,4589,7815
2013,11421,Queens,19247,1832,17415,6447,12800,258,372,1521,2087,1779,2459,226,402,4076,7071,4302,7473
2013,11422,Queens,9392,901,8491,3191,6201,140,197,721,1121,861,1318,112,177,1991,3510,2103,3687
2013,11423,Queens,12975,1667,11308,3877,9098,301,431,1012,1527,1313,1958,282,498,2549,4536,2831,5034
2013,11424,Queens,70,5,65,28,42,0,0,5,5,5,5,1,2,10,13,11,15
2013,11425,Queens,80,6,74,22,58,1,1,5,7,6,8,0,0,9,10,9,10
2013,11426,Queens,5080,527,4553,1339,3741,68,99,359,518,427,617,52,76,841,1386,893,1462
2013,11427,Queens,7875,1149,6726,2031,5844,189,276,610,900,799,1176,171,313,1319,2263,1490,2576
2013,11428,Queens,7439,844,6595,2125,5314,141,199,616,875,757,1074,112,176,1462,2742,1574,2918
2013,11429,Queens,9420,1021,8399,2997,6423,170,257,784,1108,954,1365,155,263,1941,3281,2096,3544
2013,11430,Queens,326,36,290,48,278,3,4,54,105,57,109,12,16,85,260,97,276
2013,11431,Queens,767,113,654,145,622,14,14,66,150,80,164,20,37,190,704,210,741
2013,11432,Queens,33561,3899,29662,10141,23420,810,1146,2575,3674,3385,4820,577,1091,7247,13387,7824,14478
2013,11433,Queens,18226,1791,16435,6625,11601,349,493,1570,2333,1919,2826,351,632,4735,9011,5086,9643
2013,11434,Queens,24333,2520,21813,8745,15588,448,664,2050,3071,2498,3735,424,874,5857,11061,6281,11935
2013,11435,Queens,27976,2857,25119,9191,18785,516,780,2581,4075,3097,4855,472,883,6809,12991,7281,13874
2013,11436,Queens,7973,678,7295,2765,5208,126,186,668,1023,794,1209,111,237,1891,3414,2002,3651
2013,11439,Queens,30,3,27,8,22,0,0,2,3,2,3,0,0,6,10,6,10
2013,11451,Queens,19,1,18,6,13,0,0,1,7,1,7,1,2,4,4,5,6
2013,11499,Queens,1,0,1,0,1,0,0,0,0,0,0,0,0,1,1,1,1
2013,11501,Nassau,2519,476,2043,702,1817,65,95,280,394,345,489,62,121,494,869,556,990
2013,11507,Nassau,703,174,529,126,577,18,25,45,61,63,86,14,32,71,104,85,136
2013,11509,Nassau,173,41,132,40,133,6,7,13,16,19,23,4,6,20,27,24,33
2013,11510,Nassau,5937,955,4982,1768,4169,151,226,516,714,667,940,160,293,1212,2100,1372,2393
2013,11514,Nassau,441,80,361,110,331,7,7,21,40,28,47,11,21,60,90,71,111
2013,11516,Nassau,1100,147,953,407,693,16,22,89,125,105,147,20,28,145,226,165,254
2013,11518,Nassau,1050,182,868,280,770,24,31,65,85,89,116,31,65,182,316,213,381
2013,11520,Nassau,16640,2089,14551,5967,10673,317,500,1484,2082,1801,2582,311,523,3833,6510,4144,7033
2013,11530,Nassau,1161,409,752,191,970,57,91,82,130,139,221,73,120,152,346,225,466
2013,11531,Nassau,23,5,18,8,15,1,1,1,1,2,2,3,7,7,11,10,18
2013,11535,Nassau,5,1,4,2,3,0,0,0,0,0,0,1,2,1,1,2,3
2013,11542,Nassau,6260,1014,5246,2280,3980,184,247,605,843,789,1090,169,280,1473,2661,1642,2941
2013,11545,Nassau,762,267,495,171,591,37,54,43,59,80,113,58,97,98,163,156,260
2013,11547,Nassau,83,12,71,19,64,1,1,6,9,7,10,1,2,23,40,24,42
2013,11548,Nassau,177,35,142,44,133,7,9,12,13,19,22,9,11,24,29,33,40
2013,11549,Nassau,11,1,10,2,9,0,0,0,0,0,0,0,0,2,3,2,3
2013,11550,Nassau,27763,2926,24837,11557,16206,614,963,3240,4490,3854,5453,602,1237,7380,13436,7982,14673
2013,11551,Nassau,392,157,235,51,341,35,53,48,111,83,164,52,116,100,285,152,401
2013,11552,Nassau,4357,573,3784,1467,2890,88,122,375,508,463,630,65,115,919,1743,984,1858
2013,11553,Nassau,10869,1529,9340,3923,6946,319,510,1151,1638,1470,2148,223,368,2445,4231,2668,4599
2013,11554,Nassau,4682,1081,3601,1110,3572,172,227,379,602,551,829,94,193,723,1276,817,1469
2013,11555,Nassau,6,0,6,1,5,0,0,2,2,2,2,0,0,3,4,3,4
2013,11556,Nassau,38,14,24,6,32,0,0,2,2,2,2,1,1,7,9,8,10
2013,11557,Nassau,760,133,627,228,532,17,22,48,69,65,91,12,37,99,137,111,174
2013,11558,Nassau,1515,348,1167,422,1093,68,111,152,264,220,375,55,119,306,522,361,641
2013,11559,Nassau,940,135,805,330,610,13,17,75,95,88,112,12,16,132,224,144,240
2013,11560,Nassau,524,77,447,179,345,6,9,43,63,49,72,14,19,104,185,118,204
2013,11561,Nassau,5702,1710,3992,1448,4254,333,434,419,652,752,1086,290,513,1001,1656,1291,2169
2013,11563,Nassau,2424,518,1906,642,1782,66,94,174,279,240,373,48,94,442,780,490,874
2013,11565,Nassau,582,125,457,139,443,11,12,36,54,47,66,8,14,99,169,107,183
2013,11566,Nassau,2233,505,1728,524,1709,61,87,173,235,234,322,55,93,298,481,353,574
2013,11568,Nassau,144,23,121,35,109,4,6,16,20,20,26,7,7,25,35,32,42
2013,11569,Nassau,56,12,44,14,42,0,0,4,4,4,4,0,0,8,15,8,15
2013,11570,Nassau,3140,843,2297,816,2324,139,176,222,367,361,543,138,226,643,1141,781,1367
2013,11571,Nassau,43,16,27,7,36,2,4,2,2,4,6,4,16,7,12,11,28
2013,11572,Nassau,2932,673,2259,714,2218,89,115,211,307,300,422,88,194,541,967,629,1161
2013,11575,Nassau,8090,697,7393,3316,4774,120,194,956,1347,1076,1541,135,224,2218,4061,2353,4285
2013,11576,Nassau,590,164,426,114,476,28,29,50,71,78,100,25,36,79,115,104,151
2013,11577,Nassau,1436,484,952,291,1145,97,132,80,148,177,280,60,118,186,332,246,450
2013,11579,Nassau,351,78,273,97,254,4,6,21,53,25,59,12,20,67,135,79,155
2013,11580,Nassau,8394,1239,7155,2548,5846,156,208,640,863,796,1071,114,193,1524,2543,1638,2736
2013,11581,Nassau,3096,487,2609,909,2187,58,72,224,294,282,366,46,67,468,708,514,775
2013,11582,Nassau,75,11,64,26,49,1,1,6,6,7,7,3,8,14,24,17,32
2013,11590,Nassau,13080,1413,11667,5629,7451,240,340,1442,1858,1682,2198,202,326,3191,5523,3393,5849
2013,11592,Nassau,7,1,6,5,2,0,0,0,0,0,0,1,2,0,0,1,2
2013,11594,Nassau,1,1,0,0,1,0,0,0,0,0,0,0,0,0,0,0,0
2013,11595,Nassau,4,1,3,2,2,0,0,0,0,0,0,0,0,0,0,0,0
2013,11596,Nassau,679,130,549,154,525,7,8,44,81,51,89,7,10,85,150,92,160
2013,11597,Nassau,2,2,0,0,2,0,0,0,0,0,0,1,1,0,0,1,1
2013,11598,Nassau,1524,416,1108,433,1091,110,171,111,186,221,357,59,105,157,275,216,380
2013,11599,Nassau,5,1,4,2,3,0,0,1,3,1,3,0,0,1,2,1,2
2013,11690,Queens,249,83,166,53,196,18,22,10,15,28,37,20,41,56,104,76,145
2013,11691,Queens,33583,6081,27502,11957,21626,1507,2219,2990,4811,4497,7030,983,1897,7332,14388,8315,16285
2013,11692,Queens,10265,1271,8994,3742,6523,295,458,934,1597,1229,2055,208,384,2480,5014,2688,5398
2013,11693,Queens,4565,694,3871,1429,3136,156,215,395,562,551,777,119,230,1066,2075,1185,2305
2013,11694,Queens,4078,1225,2853,876,3202,402,627,414,771,816,1398,224,469,670,1355,894,1824
2013,11695,Queens,6,1,5,1,5,1,2,1,5,2,7,1,2,2,3,3,5
2013,11697,Queens,164,48,116,34,130,6,6,3,4,9,10,5,6,13,41,18,47
2013,11701,Suffolk,8379,1449,6930,3182,5197,188,261,784,1021,972,1282,231,453,1857,3313,2088,3766
2013,11702,Suffolk,1135,236,899,281,854,36,52,83,134,119,186,44,88,175,315,219,403
2013,11703,Suffolk,2844,456,2388,873,1971,49,61,202,290,251,351,61,112,533,864,594,976
2013,11704,Suffolk,7090,1510,5580,2065,5025,265,349,620,918,885,1267,247,506,1310,2326,1557,2832
2013,11705,Suffolk,695,159,536,202,493,28,53,56,104,84,157,28,54,131,310,159,364
2013,11706,Suffolk,18754,2091,16663,7590,11164,341,482,1772,2358,2113,2840,382,746,4477,7775,4859,8521
2013,11707,Suffolk,36,6,30,6,30,1,3,4,5,5,8,2,12,10,32,12,44
2013,11708,Suffolk,4,0,4,0,4,0,0,0,0,0,0,0,0,0,0,0,0
2013,11709,Nassau,562,148,414,152,410,31,38,51,83,82,121,32,57,109,197,141,254
2013,11710,Nassau,3109,612,2497,778,2331,89,118,282,423,371,541,70,112,494,907,564,1019
2013,11713,Suffolk,3263,295,2968,1469,1794,60,88,395,560,455,648,62,119,1134,2478,1196,2597
2013,11714,Nassau,2404,708,1696,524,1880,84,102,186,245,270,347,108,185,388,648,496,833
2013,11715,Suffolk,350,60,290,80,270,9,14,38,63,47,77,11,14,84,158,95,172
2013,11716,Suffolk,1423,317,1106,342,1081,51,80,125,192,176,272,78,166,286,533,364,699
2013,11717,Suffolk,26409,2584,23825,11436,14973,397,576,2919,3828,3316,4404,415,738,6458,11247,6873,11985
2013,11718,Suffolk,195,22,173,65,130,2,2,21,32,23,34,4,12,28,50,32,62
2013,11719,Suffolk,759,380,379,111,648,112,147,65,110,177,257,98,206,115,222,213,428
2013,11720,Suffolk,3783,524,3259,1267,2516,63,91,359,467,422,558,94,196,804,1451,898,1647
2013,11721,Suffolk,260,56,204,65,195,7,12,26,38,33,50,4,5,47,103,51,108
2013,11722,Suffolk,14124,1395,12729,6066,8058,235,322,1516,1976,1751,2298,267,510,3521,6003,3788,6513
2013,11724,Suffolk,59,19,40,8,51,3,3,4,4,7,7,1,1,6,11,7,12
2013,11725,Suffolk,2663,811,1852,702,1961,115,149,174,279,289,428,72,142,434,826,506,968
2013,11726,Suffolk,6969,689,6280,2739,4230,93,135,664,874,757,1009,111,206,1450,2372,1561,2578
2013,11727,Suffolk,5043,747,4296,1661,3382,127,179,498,746,625,925,141,348,1233,2543,1374,2891
2013,11729,Suffolk,4890,719,4171,1537,3353,95,115,399,600,494,715,105,208,912,1569,1017,1777
2013,11730,Suffolk,1210,278,932,325,885,49,70,97,140,146,210,35,64,213,390,248,454
2013,11731,Suffolk,2260,397,1863,659,1601,54,72,195,260,249,332,49,106,381,652,430,758
2013,11732,Nassau,272,157,115,32,240,44,59,10,24,54,83,12,21,21,39,33,60
2013,11733,Suffolk,919,165,754,257,662,21,39,63,91,84,130,30,56,181,363,211,419
2013,11735,Nassau,4082,779,3303,1259,2823,114,133,361,492,475,625,134,235,748,1244,882,1479
2013,11736,Nassau,2,0,2,0,2,0,0,0,0,0,0,0,0,1,3,1,3
2013,11737,Nassau,15,2,13,5,10,1,1,3,10,4,11,0,0,3,7,3,7
2013,11738,Suffolk,2417,334,2083,858,1559,52,72,248,334,300,406,56,106,547,1006,603,1112
2013,11739,Suffolk,51,10,41,11,40,0,0,4,4,4,4,0,0,10,13,10,13
2013,11740,Suffolk,1021,347,674,236,785,57,78,64,84,121,162,43,79,155,254,198,333
2013,11741,Suffolk,2780,508,2272,832,1948,72,105,236,388,308,493,91,199,573,1054,664,1253
2013,11742,Suffolk,1379,258,1121,436,943,39,50,154,222,193,272,44,80,290,608,334,688
2013,11743,Suffolk,4010,867,3143,1231,2779,156,208,320,448,476,656,106,187,835,1577,941,1764
2013,11746,Suffolk,12411,1336,11075,5065,7346,219,297,1303,1730,1522,2027,207,387,3104,5700,3311,6087
2013,11747,Suffolk,1494,523,971,308,1186,56,70,86,119,142,189,53,94,210,371,263,465
2013,11749,Suffolk,631,81,550,222,409,8,10,62,90,70,100,16,24,139,242,155,266
2013,11750,Suffolk,10,2,8,3,7,1,2,3,4,4,6,2,5,2,3,4,8
2013,11751,Suffolk,1699,286,1413,494,1205,37,44,160,226,197,270,45,84,356,650,401,734
2013,11752,Suffolk,1225,182,1043,383,842,28,45,98,139,126,184,27,41,240,348,267,389
2013,11753,Nassau,855,141,714,214,641,22,30,47,80,69,110,10,22,115,200,125,222
2013,11754,Suffolk,1514,506,1008,328,1186,60,79,119,190,179,269,55,83,235,412,290,495
2013,11755,Suffolk,1093,179,914,295,798,17,28,89,120,106,148,18,46,232,409,250,455
2013,11756,Nassau,5066,820,4246,1448,3618,100,137,440,645,540,782,95,157,879,1541,974,1698
2013,11757,Suffolk,6988,958,6030,2210,4778,103,157,632,916,735,1073,145,263,1277,2087,1422,2350
2013,11758,Nassau,4496,1166,3330,1124,3372,157,199,324,465,481,664,148,299,665,1139,813,1438
2013,11760,Suffolk,7,0,7,4,3,0,0,3,3,3,3,0,0,1,3,1,3
2013,11762,Nassau,1089,269,820,260,829,25,33,82,142,107,175,34,57,157,267,191,324
2013,11763,Suffolk,6193,1153,5040,2105,4088,277,397,608,908,885,1305,254,484,1579,3274,1833,3758
2013,11764,Suffolk,886,116,770,298,588,22,50,55,86,77,136,20,42,188,341,208,383
2013,11765,Nassau,36,13,23,4,32,2,2,3,3,5,5,2,4,3,8,5,12
2013,11766,Suffolk,855,152,703,252,603,25,40,65,104,90,144,26,52,182,361,208,413
2013,11767,Suffolk,1319,396,923,345,974,65,87,97,140,162,227,50,81,213,353,263,434
2013,11768,Suffolk,1068,223,845,263,805,19,27,92,142,111,169,28,41,189,338,217,379
2013,11769,Suffolk,912,430,482,133,779,78,113,65,102,143,215,54,79,117,236,171,315
2013,11770,Suffolk,15,4,11,2,13,0,0,2,3,2,3,0,0,1,3,1,3
2013,11771,Nassau,955,134,821,347,608,18,25,85,117,103,142,14,31,223,381,237,412
2013,11772,Suffolk,9973,1766,8207,3772,6201,354,505,1085,1519,1439,2024,346,743,2606,5324,2952,6067
2013,11773,Nassau,9,2,7,2,7,2,3,0,0,2,3,0,0,4,9,4,9
2013,11774,Nassau,3,0,3,1,2,0,0,0,0,0,0,0,0,0,0,0,0
2013,11775,Suffolk,3,1,2,1,2,0,0,0,0,0,0,1,1,2,2,3,3
2013,11776,Suffolk,4050,1045,3005,1169,2881,223,314,349,489,572,803,324,703,900,1700,1224,2403
2013,11777,Suffolk,1060,293,767,255,805,55,79,107,177,162,256,67,156,240,473,307,629
2013,11778,Suffolk,1616,207,1409,562,1054,30,36,149,227,179,263,46,83,422,786,468,869
2013,11779,Suffolk,5975,1073,4902,1647,4328,165,260,552,879,717,1139,160,354,1176,2367,1336,2721
2013,11780,Suffolk,1226,551,675,230,996,84,100,68,106,152,206,51,84,126,197,177,281
2013,11782,Suffolk,1367,470,897,310,1057,94,107,110,159,204,266,55,100,220,493,275,593
2013,11783,Nassau,1269,303,966,283,986,29,37,94,143,123,180,35,52,215,401,250,453
2013,11784,Suffolk,4236,637,3599,1437,2799,84,107,411,616,495,723,88,281,995,1879,1083,2160
2013,11786,Suffolk,447,82,365,123,324,11,11,48,68,59,79,19,25,96,201,115,226
2013,11787,Suffolk,3223,1231,1992,651,2572,244,334,222,383,466,717,210,408,464,929,674,1337
2013,11788,Suffolk,2807,728,2079,1087,1720,138,180,226,357,364,537,217,483,485,943,702,1426
2013,11789,Suffolk,859,112,747,288,571,23,24,108,153,131,177,20,34,226,419,246,453
2013,11790,Suffolk,870,459,411,127,743,71,79,26,41,97,120,50,65,75,150,125,215
2013,11791,Nassau,1552,363,1189,325,1227,50,70,88,151,138,221,39,68,195,358,234,426
2013,11792,Suffolk,589,108,481,169,420,16,27,49,76,65,103,24,62,134,264,158,326
2013,11793,Nassau,1935,501,1434,458,1477,65,97,133,200,198,297,61,128,237,429,298,557
2013,11794,Suffolk,6,1,5,2,4,1,5,1,1,2,6,1,1,0,0,1,1
2013,11795,Suffolk,2362,769,1593,530,1832,128,161,167,253,295,414,98,187,322,533,420,720
2013,11796,Suffolk,318,102,216,59,259,15,18,24,43,39,61,17,29,44,111,61,140
2013,11797,Nassau,1126,823,303,87,1039,143,175,31,50,174,225,95,164,63,99,158,263
2013,11798,Suffolk,7107,641,6466,3109,3998,106,137,868,1179,974,1316,111,274,1848,3336,1959,3610
2013,11801,Nassau,7136,1020,6116,2127,5009,151,210,611,848,762,1058,104,191,1348,2207,1452,2398
2013,11802,Nassau,80,13,67,23,57,4,6,3,3,7,9,2,2,16,38,18,40
2013,11803,Nassau,2385,1061,1324,363,2022,162,212,111,183,273,395,155,226,270,484,425,710
2013,11804,Nassau,308,113,195,57,251,18,21,19,30,37,51,15,24,39,93,54,117
2013,11855,Nassau,1,0,1,0,1,0,0,0,0,0,0,0,0,0,0,0,0
2013,11901,Suffolk,7586,1207,6379,2853,4733,184,249,919,1351,1103,1600,282,526,2139,4764,2421,5290
2013,11930,Suffolk,388,37,351,201,187,4,6,39,44,43,50,5,11,62,101,67,112
2013,11931,Suffolk,312,39,273,134,178,5,5,29,43,34,48,6,13,84,226,90,239
2013,11932,Suffolk,194,27,167,95,99,6,10,24,40,30,50,6,14,46,90,52,104
2013,11933,Suffolk,933,186,747,326,607,22,28,79,116,101,144,33,59,255,496,288,555
2013,11934,Suffolk,994,202,792,316,678,42,55,97,141,139,196,38,83,250,545,288,628
2013,11935,Suffolk,269,41,228,97,172,6,7,25,38,31,45,6,31,54,128,60,159
2013,11937,Suffolk,2383,221,2162,1083,1300,35,44,292,349,327,393,47,79,393,604,440,683
2013,11939,Suffolk,93,18,75,35,58,0,0,8,11,8,11,0,0,23,44,23,44
2013,11940,Suffolk,513,114,399,176,337,10,13,37,49,47,62,18,25,111,202,129,227
2013,11941,Suffolk,231,39,192,86,145,5,5,21,34,26,39,3,7,55,85,58,92
2013,11942,Suffolk,543,61,482,207,336,4,6,51,69,55,75,10,13,124,205,134,218
2013,11944,Suffolk,1043,235,808,417,626,29,46,146,178,175,224,37,61,274,518,311,579
2013,11946,Suffolk,2698,281,2417,1234,1464,36,48,269,340,305,388,49,101,613,1031,662,1132
2013,11947,Suffolk,99,17,82,35,64,2,2,6,8,8,10,2,5,27,57,29,62
2013,11948,Suffolk,101,15,86,38,63,2,2,5,6,7,8,1,1,19,35,20,36
2013,11949,Suffolk,1278,353,925,325,953,40,57,91,177,131,234,56,83,254,523,310,606
2013,11950,Suffolk,4825,469,4356,2075,2750,78,114,519,837,597,951,103,191,1430,2904,1533,3095
2013,11951,Suffolk,4226,440,3786,1730,2496,76,148,452,692,528,840,91,155,1238,2610,1329,2765
2013,11952,Suffolk,425,73,352,137,288,5,7,51,73,56,80,12,22,119,233,131,255
2013,11953,Suffolk,2455,580,1875,734,1721,141,215,239,384,380,599,137,262,587,1244,724,1506
2013,11954,Suffolk,495,62,433,191,304,8,10,47,52,55,62,5,6,63,108,68,114
2013,11955,Suffolk,433,87,346,127,306,15,24,44,64,59,88,24,58,111,221,135,279
2013,11956,Suffolk,33,3,30,11,22,0,0,4,8,4,8,0,0,11,24,11,24
2013,11957,Suffolk,70,18,52,26,44,2,2,1,1,3,3,3,5,12,16,15,21
2013,11958,Suffolk,117,26,91,35,82,3,4,9,10,12,14,4,5,20,44,24,49
2013,11959,Suffolk,86,20,66,20,66,2,2,8,8,10,10,3,3,19,33,22,36
2013,11960,Suffolk,77,15,62,27,50,1,1,4,5,5,6,6,13,18,27,24,40
2013,11961,Suffolk,1759,372,1387,526,1233,60,89,150,224,210,313,69,113,427,818,496,931
2013,11962,Suffolk,17,6,11,4,13,0,0,0,0,0,0,1,1,3,6,4,7
2013,11963,Suffolk,594,83,511,247,347,8,12,49,61,57,73,17,26,109,159,126,185
2013,11964,Suffolk,133,16,117,55,78,1,2,18,20,19,22,1,1,36,69,37,70
2013,11965,Suffolk,26,4,22,7,19,0,0,2,2,2,2,1,1,3,5,4,6
2013,11967,Suffolk,6533,702,5831,2532,4001,120,163,750,1018,870,1181,149,264,1799,3899,1948,4163
2013,11968,Suffolk,1614,366,1248,676,938,79,98,172,252,251,350,80,155,329,566,409,721
2013,11969,Suffolk,367,54,313,171,196,6,7,48,56,54,63,8,14,85,142,93,156
2013,11970,Suffolk,29,9,20,3,26,0,0,1,1,1,1,0,0,7,11,7,11
2013,11971,Suffolk,514,100,414,190,324,8,10,51,62,59,72,15,28,115,205,130,233
2013,11972,Suffolk,159,19,140,67,92,3,7,14,16,17,23,3,4,38,96,41,100
2013,11973,Suffolk,15,0,15,6,9,0,0,5,5,5,5,0,0,3,3,3,3
2013,11975,Suffolk,102,8,94,41,61,0,0,15,19,15,19,2,2,20,24,22,26
2013,11976,Suffolk,185,26,159,86,99,5,7,24,31,29,38,3,11,43,77,46,88
2013,11977,Suffolk,436,191,245,127,309,30,33,36,48,66,81,16,25,68,106,84,131
2013,11978,Suffolk,529,59,470,226,303,11,15,67,90,78,105,7,18,140,242,147,260
2013,11980,Suffolk,531,88,443,171,360,20,23,39,63,59,86,14,32,134,240,148,272
2013,12007,Albany,25,4,21,4,21,2,2,1,1,3,3,1,3,5,5,6,8
2013,12008,Schenectady,54,7,47,29,25,0,0,4,12,4,12,0,0,10,16,10,16
2013,12009,Albany,787,175,612,253,534,24,29,59,73,83,102,22,49,123,256,145,305
2013,12010,Montgomery,10236,1751,8485,3756,6480,250,332,745,1043,995,1375,431,1045,3141,6992,3572,8037
2013,12015,Greene,599,132,467,201,398,24,27,41,59,65,86,12,18,108,220,120,238
2013,12016,Montgomery,7,0,7,5,2,0,0,1,2,1,2,0,0,2,2,2,2
2013,12017,Columbia,52,6,46,16,36,2,2,2,4,4,6,0,0,10,14,10,14
2013,12018,Rensselaer,763,121,642,278,485,32,42,65,87,97,129,29,57,170,333,199,390
2013,12019,Saratoga,918,197,721,293,625,19,24,47,73,66,97,25,52,94,164,119,216
2013,12020,Saratoga,4991,928,4063,1666,3325,134,178,386,561,520,739,209,506,928,1877,1137,2383
2013,12022,Rensselaer,225,33,192,99,126,2,4,15,22,17,26,2,2,52,103,54,105
2013,12023,Albany,314,47,267,110,204,9,19,21,29,30,48,7,13,52,111,59,124
2013,12024,Columbia,22,4,18,7,15,1,2,1,2,2,4,0,0,4,10,4,10
2013,12025,Fulton,1195,216,979,397,798,20,22,69,106,89,128,34,67,266,530,300,597
2013,12027,Saratoga,267,56,211,84,183,8,10,18,33,26,43,5,6,40,106,45,112
2013,12028,Rensselaer,170,35,135,56,114,5,8,17,17,22,25,3,5,35,61,38,66
2013,12029,Columbia,244,25,219,161,83,2,3,14,25,16,28,1,3,40,68,41,71
2013,12031,Schoharie,58,6,52,23,35,0,0,3,3,3,3,1,1,12,18,13,19
2013,12032,Fulton,213,49,164,61,152,8,9,28,43,36,52,8,15,48,105,56,120
2013,12033,Rensselaer,857,187,670,261,596,33,39,64,94,97,133,27,54,173,312,200,366
2013,12035,Schoharie,236,30,206,90,146,2,2,25,29,27,31,3,4,65,110,68,114
2013,12036,Schoharie,87,12,75,34,53,1,1,6,7,7,8,2,3,21,28,23,31
2013,12037,Columbia,677,157,520,231,446,20,23,50,66,70,89,30,52,121,224,151,276
2013,12040,Rensselaer,32,5,27,14,18,1,1,1,1,2,2,0,0,10,15,10,15
2013,12041,Albany,66,13,53,27,39,0,0,4,4,4,4,1,2,10,17,11,19
2013,12042,Greene,49,13,36,12,37,3,3,5,5,8,8,2,2,9,14,11,16
2013,12043,Schoharie,1662,349,1313,513,1149,37,55,121,160,158,215,90,205,408,773,498,978
2013,12045,Albany,233,34,199,99,134,6,6,19,21,25,27,8,40,52,114,60,154
2013,12046,Albany,87,13,74,31,56,0,0,10,11,10,11,3,8,13,23,16,31
2013,12047,Albany,5029,904,4125,1758,3271,140,193,446,663,586,856,251,800,1502,3686,1753,4486
2014,10155,New York,1,1,0,0,1,0,0,0,0,0,0,0,0,0,0,0,0
2013,12050,Columbia,56,14,42,18,38,1,1,3,8,4,9,5,9,13,18,18,27
2013,12051,Greene,1281,145,1136,251,1030,11,15,63,104,74,119,17,41,130,216,147,257
2013,12052,Rensselaer,190,36,154,63,127,6,11,17,25,23,36,9,26,43,84,52,110
2013,12053,Schenectady,484,82,402,177,307,10,11,27,37,37,48,15,25,84,136,99,161
2013,12054,Albany,1039,239,800,320,719,32,40,60,80,92,120,43,103,159,275,202,378
2013,12055,Albany,1,0,1,0,1,0,0,0,0,0,0,0,0,0,0,0,0
2013,12056,Schenectady,253,51,202,81,172,11,13,12,16,23,29,9,12,44,91,53,103
2013,12057,Washington,311,45,266,126,185,4,5,25,31,29,36,3,5,48,108,51,113
2013,12058,Greene,306,50,256,103,203,5,5,32,44,37,49,9,19,39,83,48,102
2013,12059,Albany,244,42,202,95,149,11,13,19,19,30,32,6,16,33,51,39,67
2013,12060,Columbia,175,24,151,66,109,2,2,16,18,18,20,2,9,27,39,29,48
2013,12061,Rensselaer,871,196,675,262,609,19,24,65,88,84,112,36,68,140,257,176,325
2013,12062,Rensselaer,250,46,204,93,157,4,8,30,43,34,51,6,15,58,118,64,133
2013,12063,Rensselaer,41,12,29,7,34,1,2,2,2,3,4,0,0,7,19,7,19
2013,12064,Otsego,161,22,139,74,87,1,1,12,17,13,18,2,3,33,47,35,50
2013,12065,Saratoga,4263,804,3459,1345,2918,95,119,303,425,398,544,103,193,406,729,509,922
2013,12066,Schoharie,340,48,292,136,204,4,5,20,25,24,30,11,15,77,128,88,143
2013,12067,Albany,151,44,107,36,115,6,8,8,10,14,18,9,30,23,39,32,69
2013,12068,Montgomery,775,137,638,275,500,16,25,47,64,63,89,27,68,194,385,221,453
2013,12069,Montgomery,57,8,49,21,36,1,1,2,2,3,3,2,3,12,24,14,27
2013,12070,Montgomery,304,68,236,101,203,8,10,15,17,23,27,14,40,65,109,79,149
2013,12071,Schoharie,74,10,64,28,46,2,2,7,7,9,9,2,9,20,30,22,39
2013,12072,Montgomery,500,88,412,182,318,16,20,26,38,42,58,18,26,119,206,137,232
2013,12073,Schoharie,28,4,24,9,19,0,0,0,0,0,0,0,0,7,12,7,12
2013,12074,Saratoga,425,79,346,134,291,11,15,31,52,42,67,16,30,78,170,94,200
2013,12075,Columbia,596,176,420,184,412,49,59,34,48,83,107,47,98,113,211,160,309
2013,12076,Schoharie,304,58,246,99,205,9,12,14,18,23,30,12,38,56,86,68,124
2013,12077,Albany,512,99,413,151,361,7,10,31,43,38,53,14,26,83,165,97,191
2013,12078,Fulton,8944,1899,7045,3028,5916,306,399,776,1103,1082,1502,495,1155,2659,5936,3154,7091
2013,12082,Rensselaer,25,6,19,8,17,0,0,0,0,0,0,1,1,9,18,10,19
2013,12083,Greene,653,106,547,226,427,8,9,45,58,53,67,15,33,93,171,108,204
2013,12084,Albany,438,121,317,118,320,15,24,40,60,55,84,25,103,69,217,94,320
2013,12085,Albany,110,42,68,27,83,16,23,9,11,25,34,13,44,18,49,31,93
2013,12086,Montgomery,252,57,195,75,177,13,19,21,28,34,47,13,28,60,136,73,164
2013,12087,Greene,204,29,175,72,132,2,2,13,19,15,21,5,6,42,60,47,66
2013,12089,Rensselaer,27,7,20,7,20,1,1,0,0,1,1,0,0,6,16,6,16
2013,12090,Rensselaer,1385,264,1121,516,869,45,56,115,146,160,202,11,22,249,483,260,505
2013,12092,Schoharie,247,39,208,92,155,2,2,15,21,17,23,10,15,64,119,74,134
2013,12093,Schoharie,335,56,279,103,232,4,4,20,24,24,28,11,30,75,133,86,163
2013,12094,Rensselaer,437,42,395,196,241,3,5,45,54,48,59,5,14,94,180,99,194
2013,12095,Fulton,3167,708,2459,929,2238,106,135,251,369,357,504,169,336,783,1690,952,2026
2013,12106,Columbia,274,45,229,98,176,6,6,33,41,39,47,2,6,61,130,63,136
2013,12107,Albany,20,3,17,5,15,1,1,2,2,3,3,0,0,8,18,8,18
2013,12108,Hamilton,76,8,68,27,49,2,2,4,8,6,10,0,0,21,26,21,26
2013,12110,Albany,2314,709,1605,612,1702,61,78,144,187,205,265,73,154,301,594,374,748
2013,12115,Columbia,8,0,8,3,5,0,0,0,0,0,0,0,0,2,3,2,3
2013,12116,Otsego,415,71,344,146,269,10,11,25,32,35,43,15,41,95,177,110,218
2013,12117,Fulton,754,151,603,237,517,15,24,43,69,58,93,27,45,172,292,199,337
2013,12118,Saratoga,2614,452,2162,942,1672,60,76,193,249,253,325,72,157,393,705,465,862
2013,12120,Albany,71,5,66,25,46,0,0,5,6,5,6,0,0,8,11,8,11
2013,12121,Rensselaer,177,41,136,59,118,4,4,10,15,14,19,3,11,37,57,40,68
2013,12122,Schoharie,893,171,722,285,608,22,33,57,70,79,103,33,88,201,333,234,421
2013,12123,Rensselaer,757,138,619,269,488,15,22,76,98,91,120,17,36,146,247,163,283
2013,12124,Greene,32,11,21,8,24,2,2,2,5,4,7,1,1,4,6,5,7
2013,12125,Columbia,274,34,240,104,170,3,4,21,22,24,26,2,4,64,126,66,130
2013,12128,Albany,16,5,11,1,15,0,0,3,7,3,7,1,1,5,7,6,8
2013,12130,Columbia,163,31,132,58,105,2,2,16,23,18,25,6,10,35,54,41,64
2013,12131,Schoharie,30,13,17,3,27,2,2,3,6,5,8,2,6,10,21,12,27
2013,12132,Columbia,36,3,33,11,25,1,1,3,3,4,4,1,1,5,8,6,9
2013,12133,Rensselaer,25,5,20,7,18,2,2,3,3,5,5,2,4,5,6,7,10
2013,12134,Fulton,850,176,674,268,582,27,35,50,70,77,105,38,72,165,291,203,363
2013,12136,Columbia,79,17,62,24,55,3,5,7,8,10,13,3,7,12,14,15,21
2013,12137,Schenectady,263,32,231,95,168,6,8,21,24,27,32,8,9,67,136,75,145
2013,12138,Rensselaer,485,103,382,166,319,13,15,43,54,56,69,12,19,93,223,105,242
2013,12139,Hamilton,32,8,24,10,22,1,1,2,2,3,3,0,0,6,7,6,7
2013,12140,Rensselaer,173,28,145,71,102,4,6,13,14,17,20,5,8,37,66,42,74
2013,12141,Schenectady,14,1,13,5,9,0,0,2,2,2,2,0,0,2,5,2,5
2013,12143,Albany,979,150,829,373,606,16,24,91,133,107,157,25,59,190,461,215,520
2013,12144,Rensselaer,4326,719,3607,1675,2651,119,166,379,500,498,666,176,453,1091,2143,1267,2596
2013,12147,Albany,51,14,37,13,38,1,1,5,5,6,6,0,0,6,8,6,8
2013,12148,Saratoga,297,74,223,85,212,5,5,15,19,20,24,4,5,27,70,31,75
2013,12149,Schoharie,587,83,504,219,368,14,18,46,52,60,70,17,40,151,274,168,314
2013,12150,Schenectady,118,20,98,40,78,6,6,10,19,16,25,4,6,29,50,33,56
2013,12151,Saratoga,88,19,69,33,55,0,0,8,13,8,13,1,1,13,20,14,21
2013,12153,Rensselaer,87,13,74,33,54,3,5,3,4,6,9,1,1,21,46,22,47
2013,12154,Rensselaer,328,55,273,117,211,2,2,22,28,24,30,10,23,67,119,77,142
2013,12155,Otsego,333,66,267,121,212,5,6,13,15,18,21,14,26,64,123,78,149
2013,12156,Rensselaer,101,18,83,36,65,3,6,9,14,12,20,3,10,18,31,21,41
2013,12157,Schoharie,839,226,613,244,595,30,33,83,129,113,162,83,190,200,388,283,578
2013,12158,Albany,797,123,674,309,488,11,11,66,81,77,92,15,33,141,275,156,308
2013,12159,Albany,480,176,304,98,382,20,25,28,36,48,61,37,73,61,117,98,190
2013,12160,Schoharie,180,31,149,61,119,4,4,8,12,12,16,6,10,42,68,48,78
2013,12161,Albany,29,6,23,12,17,2,2,3,3,5,5,3,5,3,4,6,9
2013,12164,Hamilton,113,17,96,49,64,2,2,6,9,8,11,2,2,22,37,24,39
2013,12165,Columbia,26,6,20,7,19,0,0,1,1,1,1,0,0,5,6,5,6
2013,12166,Montgomery,324,52,272,119,205,8,12,16,20,24,32,7,19,74,148,81,167
2013,12167,Delaware,649,176,473,172,477,28,32,33,52,61,84,38,81,140,270,178,351
2013,12168,Rensselaer,321,60,261,115,206,3,4,30,41,33,45,6,10,63,109,69,119
2013,12169,Rensselaer,26,2,24,9,17,0,0,2,2,2,2,0,0,8,17,8,17
2013,12170,Saratoga,884,139,745,323,561,18,22,63,103,81,125,22,48,167,316,189,364
2013,12172,Columbia,293,54,239,115,178,7,12,32,37,39,49,15,51,82,182,97,233
2013,12173,Columbia,236,44,192,81,155,7,9,27,32,34,41,12,25,62,119,74,144
2013,12174,Columbia,73,15,58,26,47,1,1,12,13,13,14,4,8,14,40,18,48
2013,12175,Schoharie,162,27,135,61,101,3,4,5,7,8,11,8,29,31,53,39,82
2013,12176,Greene,32,6,26,13,19,1,1,3,3,4,4,0,0,4,5,4,5
2013,12177,Montgomery,103,20,83,26,77,1,1,6,6,7,7,4,6,16,22,20,28
2013,12180,Rensselaer,16223,2619,13604,6091,10132,487,722,1550,2118,2037,2840,892,2546,5988,14721,6880,17267
2013,12181,Rensselaer,168,50,118,46,122,11,18,10,14,21,32,18,84,53,116,71,200
2013,12182,Rensselaer,4163,663,3500,1630,2533,106,152,398,554,504,706,196,672,1498,3772,1694,4444
2013,12183,Albany,664,105,559,229,435,12,15,63,77,75,92,28,67,218,477,246,544
2013,12184,Columbia,954,241,713,319,635,49,67,105,154,154,221,54,144,177,333,231,477
2013,12185,Rensselaer,236,39,197,86,150,8,11,18,24,26,35,8,16,66,193,74,209
2013,12186,Albany,398,92,306,120,278,9,10,27,29,36,39,11,23,52,81,63,104
2013,12187,Schoharie,221,36,185,61,160,8,9,14,15,22,24,7,13,56,95,63,108
2013,12188,Saratoga,1638,279,1359,544,1094,50,64,145,207,195,271,53,160,325,792,378,952
2013,12189,Albany,4105,768,3337,1371,2734,109,147,347,476,456,623,208,598,1113,2663,1321,3261
2013,12190,Hamilton,112,20,92,39,73,2,2,4,6,6,8,5,15,25,37,30,52
2013,12192,Greene,262,79,183,72,190,8,11,15,19,23,30,8,13,32,57,40,70
2013,12193,Albany,322,47,275,116,206,3,7,20,24,23,31,7,20,55,85,62,105
2013,12194,Schoharie,42,10,32,9,33,1,1,7,7,8,8,0,0,6,22,6,22
2013,12195,Columbia,34,13,21,3,31,3,3,1,1,4,4,2,3,3,4,5,7
2013,12196,Rensselaer,282,74,208,86,196,9,9,23,29,32,38,9,21,49,112,58,133
2013,12197,Otsego,475,97,378,158,317,10,11,20,31,30,42,4,10,93,196,97,206
2013,12198,Rensselaer,866,213,653,271,595,29,46,72,112,101,158,39,74,164,399,203,473
2013,12201,Albany,276,65,211,74,202,11,16,28,38,39,54,23,98,91,273,114,371
2013,12202,Albany,6019,718,5301,2193,3826,142,273,658,1009,800,1282,265,892,2163,5099,2428,5991
2013,12203,Albany,3707,901,2806,1029,2678,148,198,287,445,435,643,209,538,798,1817,1007,2355
2013,12204,Albany,2089,343,1746,797,1292,75,107,182,272,257,379,103,283,635,1420,738,1703
2013,12205,Albany,4202,816,3386,1375,2827,104,137,348,466,452,603,176,429,901,1886,1077,2315
2013,12206,Albany,10163,1270,8893,3885,6278,218,350,981,1438,1199,1788,458,1519,3558,8444,4016,9963
2013,12207,Albany,1184,305,879,360,824,64,99,106,188,170,287,105,283,370,964,475,1247
2013,12208,Albany,4066,863,3203,1213,2853,150,193,367,565,517,758,240,733,977,2275,1217,3008
2013,12209,Albany,3339,372,2967,1307,2032,58,72,292,360,350,432,104,283,950,1899,1054,2182
2013,12210,Albany,4389,532,3857,1607,2782,101,160,429,646,530,806,203,672,1676,4135,1879,4807
2013,12211,Albany,868,303,565,176,692,56,72,59,88,115,160,43,85,145,273,188,358
2013,12212,Albany,58,23,35,8,50,4,7,8,12,12,19,2,4,9,14,11,18
2013,12214,Albany,2,0,2,0,2,0,0,0,0,0,0,0,0,1,1,1,1
2013,12220,Albany,17,3,14,8,9,0,0,1,3,1,3,0,0,7,18,7,18
2013,12222,Albany,41,0,41,2,39,0,0,0,0,0,0,0,0,3,3,3,3
2013,12223,Albany,2,0,2,1,1,0,0,0,0,0,0,0,0,0,0,0,0
2013,12224,Albany,6,1,5,3,3,0,0,0,0,0,0,0,0,0,0,0,0
2013,12225,Albany,1,0,1,0,1,0,0,0,0,0,0,0,0,0,0,0,0
2013,12226,Albany,2,0,2,0,2,0,0,0,0,0,0,0,0,1,1,1,1
2013,12227,Albany,1,0,1,0,1,0,0,0,0,0,0,0,0,0,0,0,0
2013,12228,Albany,1,0,1,0,1,0,0,0,0,0,0,0,0,0,0,0,0
2013,12229,Albany,2,0,2,0,2,0,0,0,0,0,0,0,0,0,0,0,0
2013,12231,Albany,1,1,0,0,1,1,2,0,0,1,2,0,0,0,0,0,0
2013,12232,Albany,1,0,1,0,1,0,0,0,0,0,0,0,0,0,0,0,0
2013,12233,Albany,5,0,5,2,3,0,0,3,13,3,13,0,0,2,4,2,4
2013,12234,Albany,1,0,1,0,1,0,0,1,1,1,1,0,0,0,0,0,0
2013,12235,Albany,2,0,2,0,2,0,0,0,0,0,0,0,0,0,0,0,0
2013,12239,Albany,1,0,1,1,0,0,0,0,0,0,0,0,0,1,1,1,1
2013,12240,Albany,1,0,1,1,0,0,0,0,0,0,0,0,0,1,1,1,1
2013,12241,Albany,1,0,1,0,1,0,0,0,0,0,0,0,0,0,0,0,0
2013,12246,Albany,2,0,2,0,2,0,0,0,0,0,0,0,0,2,4,2,4
2013,12250,Albany,20,1,19,9,11,1,1,5,6,6,7,0,0,5,10,5,10
2013,12260,Albany,4,0,4,2,2,0,0,0,0,0,0,0,0,1,1,1,1
2013,12301,Schenectady,304,102,202,74,230,13,16,15,21,28,37,25,66,70,143,95,209
2013,12302,Schenectady,2931,642,2289,927,2004,83,120,235,445,318,565,114,260,595,1183,709,1443
2013,12303,Schenectady,7260,996,6264,2866,4394,145,251,586,819,731,1070,225,481,2140,4371,2365,4852
2013,12304,Schenectady,7797,1049,6748,3005,4792,152,228,615,848,767,1076,258,623,2383,4984,2641,5607
2013,12305,Schenectady,2745,672,2073,652,2093,132,211,326,576,458,787,195,525,885,2317,1080,2842
2013,12306,Schenectady,4711,797,3914,1708,3003,115,153,332,448,447,601,142,337,1209,2403,1351,2740
2013,12307,Schenectady,6125,680,5445,2496,3629,136,203,578,834,714,1037,229,663,2195,4822,2424,5485
2013,12308,Schenectady,5653,681,4972,2303,3350,111,176,552,759,663,935,186,427,1931,4214,2117,4641
2013,12309,Schenectady,2521,581,1940,797,1724,81,116,151,211,232,327,96,161,442,846,538,1007
2013,12325,Schenectady,12,3,9,5,7,0,0,2,2,2,2,0,0,1,2,1,2
2013,12345,Schenectady,1,0,1,1,0,0,0,1,1,1,1,0,0,1,2,1,2
2013,12401,Ulster,11039,2061,8978,3757,7282,359,481,935,1376,1294,1857,617,1774,3147,7054,3764,8828
2013,12402,Ulster,641,191,450,181,460,26,35,57,83,83,118,67,153,169,415,236,568
2013,12404,Ulster,760,102,658,275,485,11,13,69,97,80,110,20,50,201,414,221,464
2013,12405,Greene,162,29,133,61,101,5,13,10,13,15,26,6,16,31,49,37,65
2013,12406,Delaware,260,61,199,82,178,13,17,26,36,39,53,20,46,91,196,111,242
2013,12407,Greene,68,11,57,19,49,2,2,8,9,10,11,1,1,6,9,7,10
2013,12409,Ulster,134,35,99,18,116,5,6,16,20,21,26,6,8,19,27,25,35
2013,12410,Ulster,72,12,60,21,51,0,0,3,4,3,4,1,1,21,36,22,37
2013,12411,Ulster,69,12,57,22,47,0,0,5,7,5,7,1,6,15,26,16,32
2013,12412,Ulster,135,28,107,34,101,5,6,10,18,15,24,7,7,24,38,31,45
2013,12413,Greene,1068,174,894,359,709,25,31,102,142,127,173,32,58,210,399,242,457
2013,12414,Greene,3396,660,2736,1085,2311,127,154,339,514,466,668,121,222,733,1792,854,2014
2013,12416,Ulster,69,12,57,27,42,3,3,6,13,9,16,4,6,25,52,29,58
2013,12417,Ulster,171,21,150,68,103,2,2,10,10,12,12,4,5,53,110,57,115
2013,12418,Greene,125,15,110,41,84,4,4,9,11,13,15,3,9,19,29,22,38
2013,12419,Ulster,104,22,82,23,81,1,1,12,23,13,24,5,14,20,50,25,64
2013,12420,Ulster,26,4,22,7,19,1,1,5,6,6,7,0,0,5,5,5,5
2013,12421,Delaware,52,7,45,23,29,0,0,2,2,2,2,0,0,14,31,14,31
2013,12422,Greene,59,12,47,13,46,1,1,6,10,7,11,1,1,9,10,10,11
2013,12423,Greene,283,45,238,106,177,11,18,32,47,43,65,14,34,62,115,76,149
2013,12424,Greene,30,7,23,9,21,2,3,2,2,4,5,2,10,6,14,8,24
2013,12427,Greene,60,6,54,20,40,1,2,5,5,6,7,1,2,7,9,8,11
2013,12428,Ulster,2604,406,2198,930,1674,72,93,307,526,379,619,125,350,915,2242,1040,2592
2013,12429,Ulster,75,13,62,20,55,1,1,6,7,7,8,1,4,11,20,12,24
2014,14010,Erie,5,2,3,0,5,0,0,0,0,0,0,0,0,0,0,0,0
2013,12430,Delaware,272,34,238,120,152,4,5,14,15,18,20,10,28,61,115,71,143
2013,12431,Greene,271,61,210,76,195,8,8,12,17,20,25,7,14,40,97,47,111
2013,12432,Ulster,152,32,120,52,100,2,2,10,30,12,32,7,12,30,36,37,48
2013,12433,Ulster,52,12,40,18,34,2,3,5,9,7,12,1,2,15,24,16,26
2013,12434,Delaware,262,44,218,104,158,4,5,18,21,22,26,6,13,83,116,89,129
2013,12435,Ulster,114,20,94,40,74,3,6,7,8,10,14,7,17,23,43,30,60
2013,12436,Greene,113,22,91,36,77,5,7,9,10,14,17,4,11,20,39,24,50
2013,12438,Delaware,35,2,33,13,22,0,0,0,0,0,0,0,0,5,7,5,7
2013,12439,Greene,129,22,107,38,91,4,4,10,13,14,17,3,3,24,49,27,52
2013,12440,Ulster,268,45,223,75,193,5,5,16,22,21,27,8,12,43,81,51,93
2013,12441,Ulster,43,9,34,20,23,0,0,3,6,3,6,1,2,7,10,8,12
2013,12442,Greene,274,57,217,76,198,6,7,24,25,30,32,10,14,45,71,55,85
2013,12443,Ulster,438,86,352,133,305,7,9,45,64,52,73,17,30,89,170,106,200
2013,12444,Greene,61,10,51,20,41,3,3,6,7,9,10,1,1,15,19,16,20
2013,12446,Ulster,1230,165,1065,419,811,23,27,147,235,170,262,45,123,392,752,437,875
2013,12448,Ulster,35,15,20,5,30,2,2,1,2,3,4,3,6,2,8,5,14
2013,12449,Ulster,1002,269,733,247,755,55,82,120,199,175,281,73,193,258,534,331,727
2013,12450,Greene,50,15,35,11,39,2,4,1,9,3,13,1,1,10,16,11,17
2013,12451,Greene,361,71,290,109,252,6,9,29,44,35,53,7,12,67,120,74,132
2013,12452,Greene,43,12,31,10,33,1,1,4,5,5,6,1,2,6,9,7,11
2013,12453,Ulster,67,10,57,24,43,1,1,4,4,5,5,2,3,14,20,16,23
2013,12454,Greene,36,2,34,9,27,0,0,2,2,2,2,0,0,7,7,7,7
2013,12455,Delaware,309,95,214,79,230,11,16,22,26,33,42,23,45,85,205,108,250
2013,12456,Ulster,184,33,151,70,114,2,2,18,26,20,28,8,18,44,98,52,116
2013,12457,Ulster,136,30,106,39,97,7,11,9,13,16,24,6,28,21,31,27,59
2013,12458,Ulster,859,126,733,186,673,19,26,88,169,107,195,28,79,202,483,230,562
2013,12459,Delaware,28,10,18,4,24,3,3,0,0,3,3,3,9,7,7,10,16
2013,12460,Greene,88,10,78,30,58,1,1,12,15,13,16,1,1,13,27,14,28
2013,12461,Ulster,290,58,232,93,197,7,9,20,25,27,34,12,19,50,74,62,93
2013,12463,Greene,289,55,234,88,201,10,13,14,19,24,32,11,34,47,71,58,105
2013,12464,Ulster,224,47,177,61,163,8,10,16,28,24,38,9,16,40,69,49,85
2013,12465,Ulster,77,19,58,23,54,1,1,5,7,6,8,5,8,15,24,20,32
2013,12466,Ulster,533,112,421,152,381,17,26,59,81,76,107,28,90,164,366,192,456
2013,12468,Greene,247,44,203,85,162,7,8,18,23,25,31,7,10,36,71,43,81
2013,12469,Albany,109,24,85,36,73,0,0,4,4,4,4,6,14,12,20,18,34
2013,12470,Greene,176,27,149,64,112,5,5,21,26,26,31,4,10,42,66,46,76
2013,12471,Ulster,56,10,46,13,43,2,3,7,9,9,12,6,11,7,26,13,37
2013,12472,Ulster,353,86,267,77,276,16,16,24,38,40,54,26,65,75,158,101,223
2013,12473,Greene,138,23,115,48,90,3,6,14,18,17,24,9,18,20,28,29,46
2013,12474,Delaware,249,58,191,82,167,8,11,10,14,18,25,12,20,75,132,87,152
2013,12475,Ulster,73,6,67,27,46,0,0,11,16,11,16,2,4,15,32,17,36
2013,12477,Ulster,3625,732,2893,1125,2500,136,182,286,395,422,577,181,520,725,1581,906,2101
2013,12480,Ulster,137,26,111,41,96,3,3,10,13,13,16,4,11,27,45,31,56
2013,12481,Ulster,185,25,160,53,132,5,5,13,15,18,20,7,15,33,58,40,73
2013,12482,Greene,279,65,214,83,196,8,10,23,30,31,40,16,28,58,102,74,130
2013,12483,Ulster,141,24,117,50,91,3,5,21,32,24,37,8,26,45,104,53,130
2013,12484,Ulster,358,59,299,115,243,6,12,37,64,43,76,14,29,86,196,100,225
2013,12485,Greene,270,43,227,72,198,3,4,16,19,19,23,5,15,50,64,55,79
2013,12486,Ulster,146,25,121,39,107,1,2,11,11,12,13,4,5,35,68,39,73
2013,12487,Ulster,1184,193,991,408,776,17,24,51,76,68,100,20,46,96,198,116,244
2013,12489,Ulster,149,21,128,52,97,2,4,20,34,22,38,8,22,52,167,60,189
2013,12490,Ulster,41,14,27,5,36,2,2,1,1,3,3,5,8,8,18,13,26
2013,12491,Ulster,282,56,226,75,207,6,9,11,15,17,24,10,18,59,116,69,134
2013,12492,Greene,25,10,15,4,21,0,0,2,3,2,3,0,0,2,3,2,3
2013,12493,Ulster,77,26,51,13,64,2,3,4,6,6,9,5,10,18,26,23,36
2013,12494,Ulster,47,18,29,7,40,3,3,1,1,4,4,3,3,4,7,7,10
2013,12495,Ulster,36,6,30,9,27,0,0,2,2,2,2,1,1,9,13,10,14
2013,12496,Greene,276,59,217,79,197,6,7,19,26,25,33,4,5,34,53,38,58
2013,12498,Ulster,758,201,557,166,592,24,27,53,81,77,108,28,67,129,254,157,321
2013,12501,Dutchess,319,36,283,138,181,6,8,27,36,33,44,3,3,85,222,88,225
2013,12502,Columbia,177,30,147,65,112,5,7,14,23,19,30,6,7,51,81,57,88
2013,12503,Columbia,107,20,87,35,72,4,5,13,16,17,21,3,4,23,34,26,38
2013,12504,Dutchess,2,0,2,0,2,0,0,0,0,0,0,0,0,0,0,0,0
2013,12506,Dutchess,1,1,0,0,1,0,0,0,0,0,0,0,0,0,0,0,0
2013,12507,Dutchess,28,0,28,12,16,0,0,1,1,1,1,0,0,10,14,10,14
2013,12508,Dutchess,4126,884,3242,1253,2873,144,194,317,444,461,638,202,501,725,1483,927,1984
2013,12510,Dutchess,10,3,7,3,7,0,0,3,3,3,3,0,0,1,2,1,2
2013,12511,Dutchess,9,1,8,4,5,0,0,1,1,1,1,0,0,1,1,1,1
2013,12512,Dutchess,29,10,19,7,22,0,0,2,6,2,6,2,2,8,15,10,17
2013,12513,Columbia,120,30,90,28,92,3,11,6,7,9,18,7,13,31,49,38,62
2013,12514,Dutchess,214,50,164,53,161,8,15,15,19,23,34,5,10,43,68,48,78
2013,12515,Ulster,314,56,258,113,201,7,8,20,27,27,35,10,16,59,126,69,142
2013,12516,Columbia,291,95,196,79,212,7,8,13,18,20,26,9,15,56,137,65,152
2013,12517,Columbia,122,12,110,54,68,3,4,7,8,10,12,1,2,38,74,39,76
2013,12518,Orange,429,78,351,136,293,6,6,42,51,48,57,13,33,95,181,108,214
2013,12520,Orange,192,27,165,57,135,2,6,25,33,27,39,4,9,40,66,44,75
2013,12521,Columbia,307,40,267,105,202,4,11,25,26,29,37,9,37,100,210,109,247
2013,12522,Dutchess,900,152,748,343,557,17,21,76,105,93,126,12,22,244,499,256,521
2013,12523,Columbia,287,44,243,96,191,9,10,25,32,34,42,10,21,76,128,86,149
2013,12524,Dutchess,2082,443,1639,458,1624,66,80,163,235,229,315,61,121,339,642,400,763
2013,12525,Ulster,424,63,361,138,286,7,8,38,50,45,58,7,13,68,126,75,139
2013,12526,Columbia,666,152,514,205,461,18,22,40,53,58,75,18,29,126,209,144,238
2013,12527,Dutchess,96,20,76,31,65,0,0,7,11,7,11,4,10,20,40,24,50
2013,12528,Ulster,2277,553,1724,670,1607,116,175,170,221,286,396,144,347,466,890,610,1237
2013,12529,Columbia,400,58,342,136,264,9,19,34,46,43,65,9,10,99,214,108,224
2013,12530,Columbia,34,8,26,9,25,3,4,5,9,8,13,3,5,13,50,16,55
2013,12531,Dutchess,357,132,225,85,272,30,56,21,30,51,86,22,41,46,86,68,127
2013,12533,Dutchess,1959,320,1639,643,1316,32,45,141,202,173,247,48,126,288,467,336,593
2013,12534,Columbia,5329,973,4356,1773,3556,146,188,490,689,636,877,231,476,1574,3557,1805,4033
2013,12537,Dutchess,35,1,34,13,22,0,0,1,1,1,1,0,0,8,11,8,11
2013,12538,Dutchess,1944,423,1521,602,1342,51,72,169,241,220,313,84,207,451,1026,535,1233
2013,12540,Dutchess,590,86,504,195,395,13,17,48,68,61,85,17,51,97,214,114,265
2013,12541,Columbia,100,61,39,13,87,18,20,4,6,22,26,17,27,16,22,33,49
2013,12542,Ulster,926,152,774,304,622,25,36,79,122,104,158,31,87,201,390,232,477
2013,12543,Orange,593,103,490,192,401,19,23,45,64,64,87,20,47,134,268,154,315
2013,12544,Columbia,101,74,27,4,97,5,7,2,2,7,9,16,36,11,19,27,55
2013,12545,Dutchess,586,133,453,181,405,17,27,58,90,75,117,19,47,93,163,112,210
2013,12546,Dutchess,440,66,374,178,262,9,10,34,40,43,50,4,5,104,241,108,246
2013,12547,Ulster,471,81,390,147,324,12,12,39,52,51,64,20,38,117,239,137,277
2013,12548,Ulster,268,51,217,72,196,9,17,18,28,27,45,14,44,56,97,70,141
2013,12549,Orange,1185,239,946,413,772,50,60,86,116,136,176,41,88,204,401,245,489
2013,12550,Orange,17386,1904,15482,7623,9763,288,427,1802,2385,2090,2812,479,1736,5012,10900,5491,12636
2013,12551,Orange,356,88,268,124,232,14,18,36,62,50,80,34,99,100,294,134,393
2013,12552,Orange,22,5,17,6,16,0,0,2,2,2,2,0,0,9,13,9,13
2013,12553,Orange,3521,553,2968,1279,2242,77,99,283,382,360,481,117,328,780,1463,897,1791
2013,12555,Orange,1,0,1,0,1,0,0,0,0,0,0,0,0,0,0,0,0
2013,12561,Ulster,1799,365,1434,519,1280,75,95,113,150,188,245,68,160,324,628,392,788
2013,12563,Putnam,626,141,485,241,385,18,22,56,68,74,90,27,71,95,163,122,234
2013,12564,Dutchess,693,191,502,224,469,32,37,61,91,93,128,23,50,106,218,129,268
2013,12565,Columbia,693,153,540,249,444,39,49,60,97,99,146,32,67,179,470,211,537
2013,12566,Ulster,1479,206,1273,548,931,25,30,127,178,152,208,38,89,267,463,305,552
2013,12567,Dutchess,397,59,338,138,259,4,4,45,69,49,73,12,22,99,159,111,181
2013,12568,Ulster,405,69,336,145,260,9,19,28,40,37,59,22,57,91,161,113,218
2013,12569,Dutchess,1445,361,1084,424,1021,47,53,94,127,141,180,80,165,266,531,346,696
2013,12570,Dutchess,489,80,409,175,314,9,11,37,46,46,57,12,17,72,142,84,159
2013,12571,Dutchess,1022,244,778,279,743,19,20,68,87,87,107,45,89,197,374,242,463
2013,12572,Dutchess,1116,389,727,247,869,66,81,107,199,173,280,78,174,202,413,280,587
2013,12574,Dutchess,55,18,37,10,45,1,1,4,8,5,9,6,17,13,20,19,37
2013,12575,Orange,186,24,162,60,126,1,1,10,18,11,19,5,10,43,66,48,76
2013,12577,Orange,150,28,122,36,114,0,0,7,8,7,8,7,10,25,33,32,43
2013,12578,Dutchess,258,47,211,97,161,5,5,18,30,23,35,6,17,57,103,63,120
2013,12580,Dutchess,681,216,465,171,510,36,41,33,65,69,106,50,128,145,308,195,436
2013,12581,Dutchess,284,41,243,105,179,10,12,27,43,37,55,10,25,62,143,72,168
2013,12582,Dutchess,519,55,464,105,414,8,8,28,47,36,55,8,15,52,101,60,116
2013,12583,Dutchess,348,55,293,115,233,8,11,25,43,33,54,10,21,56,113,66,134
2013,12584,Orange,82,32,50,12,70,4,4,9,10,13,14,9,16,16,38,25,54
2013,12585,Dutchess,113,23,90,37,76,2,2,5,6,7,8,5,6,15,33,20,39
2013,12586,Orange,2194,275,1919,840,1354,37,45,205,278,242,323,60,158,478,918,538,1076
2013,12588,Ulster,60,9,51,16,44,1,1,7,11,8,12,1,1,17,21,18,22
2013,12589,Ulster,1994,244,1750,742,1252,38,46,176,242,214,288,48,99,439,767,487,866
2013,12590,Dutchess,4541,732,3809,1636,2905,130,193,345,478,475,671,150,396,849,1656,999,2052
2013,12592,Dutchess,255,57,198,88,167,8,12,16,20,24,32,13,23,62,141,75,164
2013,12594,Dutchess,642,78,564,254,388,6,9,66,92,72,101,8,21,143,256,151,277
2013,12601,Dutchess,14068,2154,11914,5528,8540,362,502,1464,2084,1826,2586,630,1796,4068,9307,4698,11103
2013,12602,Dutchess,301,52,249,95,206,7,8,19,30,26,38,19,42,95,260,114,302
2013,12603,Dutchess,5783,989,4794,2112,3671,136,188,523,691,659,879,232,498,1317,2584,1549,3082
2013,12604,Dutchess,11,0,11,3,8,0,0,2,2,2,2,0,0,3,6,3,6
2013,12701,Sullivan,4923,822,4101,1793,3130,131,185,399,553,530,738,239,696,1433,3173,1672,3869
2013,12719,Sullivan,229,20,209,78,151,1,2,30,55,31,57,3,5,73,132,76,137
2013,12720,Sullivan,31,8,23,5,26,1,1,2,2,3,3,1,1,6,10,7,11
2013,12721,Sullivan,1244,148,1096,492,752,24,26,88,109,112,135,23,58,275,514,298,572
2013,12722,Sullivan,112,11,101,41,71,2,3,14,15,16,18,2,7,30,42,32,49
2013,12723,Sullivan,215,47,168,72,143,5,7,15,17,20,24,11,15,61,123,72,138
2013,12724,Sullivan,52,5,47,17,35,0,0,3,3,3,3,1,1,11,20,12,21
2013,12725,Ulster,33,7,26,14,19,0,0,2,3,2,3,1,6,5,9,6,15
2013,12726,Sullivan,147,35,112,50,97,3,3,5,6,8,9,7,14,56,119,63,133
2013,12727,Sullivan,1,0,1,0,1,0,0,0,0,0,0,0,0,0,0,0,0
2013,12729,Orange,554,63,491,227,327,10,14,46,65,56,79,12,37,179,464,191,501
2013,12732,Sullivan,96,23,73,32,64,1,1,2,2,3,3,0,0,16,29,16,29
2013,12733,Sullivan,907,37,870,494,413,3,5,85,97,88,102,8,16,102,158,110,174
2013,12734,Sullivan,321,55,266,115,206,5,6,26,30,31,36,14,18,78,128,92,146
2013,12736,Sullivan,9,2,7,1,8,0,0,0,0,0,0,0,0,1,1,1,1
2013,12737,Sullivan,270,42,228,105,165,8,13,29,38,37,51,10,22,80,153,90,175
2013,12738,Sullivan,66,8,58,27,39,0,0,4,5,4,5,1,2,12,17,13,19
2013,12740,Sullivan,288,47,241,98,190,3,4,18,25,21,29,14,45,77,150,91,195
2013,12741,Sullivan,53,7,46,25,28,0,0,3,4,3,4,3,4,19,33,22,37
2013,12742,Sullivan,446,133,313,115,331,26,40,29,47,55,87,25,37,83,173,108,210
2013,12743,Sullivan,46,12,34,18,28,2,4,7,7,9,11,3,6,11,17,14,23
2013,12745,Sullivan,40,8,32,14,26,0,0,0,0,0,0,1,3,13,30,14,33
2013,12746,Orange,244,42,202,79,165,6,7,20,28,26,35,10,15,77,145,87,160
2013,12747,Sullivan,438,44,394,155,283,5,7,46,48,51,55,11,25,143,289,154,314
2013,12748,Sullivan,393,88,305,120,273,17,21,38,59,55,80,30,69,109,246,139,315
2013,12749,Sullivan,118,37,81,35,83,3,3,13,20,16,23,6,16,27,62,33,78
2013,12750,Sullivan,61,6,55,22,39,1,1,2,2,3,3,1,1,21,37,22,38
2013,12751,Sullivan,769,31,738,463,306,2,2,66,79,68,81,7,12,99,158,106,170
2013,12752,Sullivan,71,11,60,25,46,0,0,3,3,3,3,1,1,27,61,28,62
2013,12754,Sullivan,2767,659,2108,1000,1767,127,189,242,317,369,506,218,608,755,1593,973,2201
2013,12758,Sullivan,1008,175,833,328,680,12,18,75,102,87,120,22,40,255,474,277,514
2013,12759,Sullivan,1263,221,1042,530,733,36,45,115,151,151,196,76,162,339,665,415,827
2013,12760,Delaware,90,23,67,20,70,0,0,5,6,5,6,4,7,23,45,27,52
2013,12762,Sullivan,174,26,148,58,116,3,3,19,21,22,24,7,21,53,143,60,164
2013,12763,Sullivan,221,30,191,89,132,1,1,10,14,11,15,1,1,46,121,47,122
2013,12764,Sullivan,323,92,231,86,237,23,36,26,32,49,68,24,59,85,155,109,214
2013,12765,Sullivan,123,21,102,44,79,3,4,7,16,10,20,4,10,28,48,32,58
2013,12766,Sullivan,96,11,85,32,64,2,2,8,10,10,12,3,5,40,98,43,103
2013,12767,Sullivan,3,0,3,1,2,0,0,0,0,0,0,0,0,2,9,2,9
2013,12768,Sullivan,201,30,171,64,137,4,5,20,20,24,25,3,29,53,107,56,136
2013,12769,Sullivan,49,9,40,15,34,1,1,3,3,4,4,1,6,7,12,8,18
2013,12770,Sullivan,55,9,46,17,38,1,5,4,8,5,13,2,2,13,15,15,17
2013,12771,Orange,4282,621,3661,1630,2652,86,110,393,562,479,672,100,225,1602,3902,1702,4127
2013,12775,Sullivan,384,54,330,135,249,8,13,40,45,48,58,16,31,86,130,102,161
2013,12776,Delaware,435,115,320,122,313,21,23,23,34,44,57,19,44,89,145,108,189
2013,12777,Sullivan,83,14,69,24,59,3,3,3,3,6,6,3,5,24,48,27,53
2013,12778,Sullivan,192,29,163,73,119,6,8,12,14,18,22,6,9,46,82,52,91
2013,12779,Sullivan,1178,113,1065,573,605,23,31,142,165,165,196,30,67,335,629,365,696
2013,12780,Orange,415,60,355,147,268,8,10,22,26,30,36,9,13,142,352,151,365
2013,12781,Sullivan,43,9,34,9,34,2,2,3,6,5,8,4,11,8,15,12,26
2013,12783,Sullivan,431,73,358,147,284,10,11,32,37,42,48,15,38,127,248,142,286
2013,12784,Sullivan,52,12,40,17,35,0,0,1,1,1,1,2,10,11,16,13,26
2013,12785,Sullivan,172,21,151,61,111,3,4,14,18,17,22,4,22,30,49,34,71
2013,12786,Sullivan,111,26,85,40,71,2,2,9,10,11,12,3,4,27,50,30,54
2013,12787,Sullivan,109,21,88,37,72,3,4,9,10,12,14,5,16,27,61,32,77
2013,12788,Sullivan,582,66,516,196,386,4,7,33,42,37,49,10,29,129,238,139,267
2013,12789,Sullivan,616,97,519,250,366,12,14,37,40,49,54,22,40,116,216,138,256
2013,12790,Sullivan,929,170,759,315,614,22,29,83,124,105,153,30,133,184,350,214,483
2013,12791,Sullivan,140,21,119,48,92,1,8,12,12,13,20,5,12,32,48,37,60
2013,12792,Sullivan,107,24,83,36,71,4,5,7,7,11,12,2,2,27,44,29,46
2013,12801,Warren,4394,1093,3301,1360,3034,191,279,370,523,561,802,269,766,999,2377,1268,3143
2013,12803,Saratoga,1419,294,1125,464,955,45,61,103,134,148,195,44,104,292,552,336,656
2013,12804,Warren,4150,989,3161,1402,2748,138,195,368,526,506,721,170,427,771,1474,941,1901
2013,12808,Warren,19,6,13,2,17,1,1,2,2,3,3,1,1,2,7,3,8
2013,12809,Washington,692,165,527,242,450,31,36,39,58,70,94,27,81,107,158,134,239
2013,12810,Warren,143,30,113,54,89,3,3,12,14,15,17,4,5,26,42,30,47
2013,12811,Warren,85,9,76,39,46,1,2,9,13,10,15,0,0,14,28,14,28
2013,12812,Hamilton,19,2,17,6,13,0,0,2,2,2,2,1,2,3,4,4,6
2013,12814,Warren,171,41,130,36,135,4,5,15,16,19,21,4,7,25,35,29,42
2013,12815,Warren,220,23,197,87,133,2,2,14,15,16,17,1,2,38,69,39,71
2013,12816,Washington,909,218,691,323,586,30,40,67,77,97,117,12,28,114,179,126,207
2013,12817,Warren,427,73,354,160,267,10,12,26,35,36,47,9,10,58,91,67,101
2013,12819,Washington,87,12,75,26,61,0,0,6,7,6,7,2,6,16,34,18,40
2013,12820,Warren,19,2,17,8,11,0,0,0,0,0,0,0,0,4,6,4,6
2013,12821,Washington,487,38,449,31,456,1,1,13,19,14,20,1,1,25,38,26,39
2013,12822,Saratoga,1596,313,1283,551,1045,44,60,118,160,162,220,75,189,331,693,406,882
2013,12823,Washington,59,9,50,24,35,2,3,6,8,8,11,0,0,14,19,14,19
2013,12824,Warren,74,17,57,24,50,2,3,5,5,7,8,1,3,8,18,9,21
2013,12827,Washington,709,123,586,252,457,12,15,47,65,59,80,18,35,108,171,126,206
2013,12828,Saratoga,2368,465,1903,834,1534,68,102,171,240,239,342,68,155,516,958,584,1113
2013,12831,Saratoga,2292,365,1927,773,1519,44,51,143,190,187,241,71,150,412,763,483,913
2013,12832,Washington,1740,361,1379,601,1139,48,56,101,140,149,196,44,94,299,517,343,611
2013,12833,Saratoga,676,118,558,215,461,18,26,48,67,66,93,28,67,160,323,188,390
2013,12834,Washington,959,185,774,347,612,17,24,67,87,84,111,22,32,164,269,186,301
2013,12835,Saratoga,651,107,544,225,426,9,11,39,47,48,58,15,33,140,254,155,287
2013,12836,Warren,96,24,72,33,63,4,6,10,11,14,17,8,21,24,63,32,84
2013,12837,Washington,175,27,148,63,112,2,3,12,15,14,18,3,10,32,66,35,76
2013,12838,Washington,104,17,87,33,71,2,3,6,9,8,12,2,9,15,26,17,35
2013,12839,Washington,3838,673,3165,1428,2410,77,92,300,394,377,486,117,293,897,1823,1014,2116
2013,12841,Washington,5,1,4,0,5,0,0,0,0,0,0,0,0,0,0,0,0
2013,12842,Hamilton,149,41,108,35,114,2,2,5,6,7,8,1,1,12,17,13,18
2013,12843,Warren,108,21,87,35,73,0,0,16,17,16,17,3,3,11,13,14,16
2013,12844,Washington,9,8,1,0,9,2,2,0,0,2,2,0,0,0,0,0,0
2013,12845,Warren,804,176,628,205,599,31,39,67,97,98,136,36,123,152,315,188,438
2013,12846,Warren,700,122,578,253,447,9,10,67,113,76,123,15,32,153,266,168,298
2013,12847,Hamilton,102,17,85,40,62,2,3,9,12,11,15,1,6,10,15,11,21
2013,12848,Washington,26,6,20,9,17,0,0,2,3,2,3,0,0,4,4,4,4
2013,12849,Washington,98,18,80,31,67,1,3,8,8,9,11,5,9,18,19,23,28
2013,12850,Saratoga,443,61,382,140,303,14,17,44,56,58,73,11,40,94,173,105,213
2013,12851,Essex,79,16,63,27,52,1,1,3,4,4,5,2,2,9,14,11,16
2013,12852,Essex,51,9,42,20,31,1,1,4,4,5,5,0,0,7,8,7,8
2013,12853,Warren,352,88,264,113,239,15,17,20,38,35,55,9,12,47,139,56,151
2013,12854,Washington,90,22,68,34,56,2,2,8,8,10,10,2,8,17,28,19,36
2013,12855,Essex,48,12,36,13,35,1,1,2,2,3,3,4,19,10,15,14,34
2013,12856,Warren,24,6,18,8,16,1,2,2,2,3,4,1,5,4,7,5,12
2013,12857,Essex,107,27,80,30,77,2,5,2,3,4,8,1,2,9,16,10,18
2013,12858,Essex,12,3,9,3,9,0,0,0,0,0,0,0,0,4,8,4,8
2013,12859,Saratoga,402,62,340,138,264,5,8,26,36,31,44,11,20,95,183,106,203
2013,12860,Warren,241,30,211,109,132,6,7,15,21,21,28,1,3,28,37,29,40
2013,12861,Washington,79,10,69,31,48,4,5,4,7,8,12,4,13,24,55,28,68
2013,12862,Warren,18,3,15,7,11,0,0,0,0,0,0,1,2,1,1,2,3
2013,12863,Saratoga,109,17,92,35,74,2,2,10,21,12,23,4,9,22,42,26,51
2013,12864,Hamilton,4,2,2,0,4,0,0,0,0,0,0,0,0,0,0,0,0
2013,12865,Washington,771,111,660,296,475,13,18,49,63,62,81,12,16,120,196,132,212
2013,12866,Saratoga,4760,1178,3582,1257,3503,162,225,382,580,544,805,270,673,850,2049,1120,2722
2013,12870,Essex,319,52,267,116,203,3,3,17,23,20,26,9,20,52,94,61,114
2013,12871,Saratoga,748,108,640,249,499,10,12,78,90,88,102,19,40,137,252,156,292
2013,12872,Essex,8,4,4,0,8,1,1,0,0,1,1,2,3,0,0,2,3
2013,12873,Washington,92,24,68,27,65,3,5,4,11,7,16,2,3,15,23,17,26
2013,12874,Warren,6,1,5,1,5,0,0,1,1,1,1,0,0,2,3,2,3
2013,12878,Warren,130,27,103,43,87,6,9,9,12,15,21,7,17,17,26,24,43
2013,12883,Essex,1364,255,1109,489,875,38,43,98,144,136,187,94,291,433,958,527,1249
2013,12884,Saratoga,142,19,123,56,86,2,2,11,12,13,14,4,15,24,44,28,59
2013,12885,Warren,1211,299,912,406,805,32,38,99,124,131,162,47,91,176,334,223,425
2013,12886,Warren,62,12,50,22,40,0,0,3,4,3,4,1,2,9,30,10,32
2013,12887,Washington,1351,235,1116,492,859,17,29,75,85,92,114,33,52,256,462,289,514
2013,12901,Clinton,9458,2018,7440,2760,6698,312,413,767,1055,1079,1468,503,1051,2693,6127,3196,7178
2013,12903,Clinton,200,96,104,37,163,12,16,12,19,24,35,28,57,18,42,46,99
2013,12910,Clinton,667,106,561,190,477,19,21,38,47,57,68,29,55,167,348,196,403
2013,12911,Clinton,7,0,7,4,3,0,0,0,0,0,0,0,0,1,1,1,1
2013,12912,Clinton,575,136,439,182,393,26,37,43,53,69,90,36,60,151,289,187,349
2013,12913,Essex,185,46,139,61,124,3,4,3,3,6,7,7,11,35,87,42,98
2013,12914,Franklin,285,42,243,109,176,11,15,30,37,41,52,14,19,74,175,88,194
2013,12915,Franklin,35,8,27,10,25,0,0,4,7,4,7,1,5,7,12,8,17
2013,12916,Franklin,762,137,625,254,508,21,23,73,97,94,120,28,52,180,320,208,372
2013,12917,Franklin,352,54,298,122,230,6,8,29,35,35,43,4,5,75,136,79,141
2013,12918,Clinton,397,75,322,130,267,12,15,28,43,40,58,15,30,91,159,106,189
2013,12919,Clinton,899,209,690,287,612,29,37,58,68,87,105,25,47,190,352,215,399
2013,12920,Franklin,640,129,511,192,448,20,22,47,64,67,86,17,32,116,225,133,257
2013,12921,Clinton,481,85,396,149,332,15,23,41,53,56,76,8,17,114,200,122,217
2013,12922,St Lawrence,6,3,3,0,6,1,1,1,1,2,2,1,1,0,0,1,1
2013,12923,Clinton,162,41,121,39,123,4,4,17,25,21,29,7,7,31,47,38,54
2013,12924,Clinton,59,7,52,24,35,0,0,2,2,2,2,0,0,14,34,14,34
2013,12926,Franklin,652,115,537,200,452,11,14,43,58,54,72,22,52,160,351,182,403
2013,12927,St Lawrence,18,6,12,4,14,1,2,5,7,6,9,1,1,5,13,6,14
2013,12928,Essex,509,99,410,180,329,8,10,34,47,42,57,25,56,138,266,163,322
2013,12929,Clinton,856,70,786,121,735,5,5,24,37,29,42,11,18,107,207,118,225
2013,12930,Franklin,123,34,89,35,88,4,5,4,4,8,9,6,10,19,33,25,43
2013,12932,Essex,298,82,216,82,216,18,25,20,38,38,63,28,112,94,237,122,349
2013,12933,Clinton,22,4,18,7,15,1,1,0,0,1,1,0,0,5,9,5,9
2013,12934,Clinton,278,74,204,86,192,12,15,9,12,21,27,16,23,48,84,64,107
2013,12935,Clinton,451,108,343,139,312,12,17,29,32,41,49,32,77,107,189,139,266
2013,12936,Essex,140,16,124,51,89,1,1,9,14,10,15,1,2,41,75,42,77
2013,12937,Franklin,446,102,344,150,296,15,21,44,55,59,76,16,33,95,183,111,216
2013,12939,Franklin,39,9,30,12,27,1,1,3,4,4,5,2,5,10,15,12,20
2013,12941,Essex,210,43,167,61,149,2,2,16,20,18,22,8,36,43,89,51,125
2013,12942,Essex,74,13,61,22,52,2,2,3,7,5,9,3,8,15,31,18,39
2013,12943,Essex,60,24,36,14,46,4,7,2,2,6,9,6,23,13,23,19,46
2013,12944,Essex,1284,296,988,377,907,39,51,92,131,131,182,51,87,341,731,392,818
2013,12945,Franklin,94,14,80,30,64,1,1,5,6,6,7,1,6,21,31,22,37
2013,12946,Essex,874,220,654,255,619,30,39,50,73,80,112,51,123,259,499,310,622
2013,12949,St Lawrence,21,2,19,12,9,0,0,1,2,1,2,0,0,3,4,3,4
2013,12950,Essex,214,40,174,82,132,0,0,19,32,19,32,6,17,72,195,78,212
2013,12952,Clinton,205,47,158,57,148,7,8,17,18,24,26,5,12,44,71,49,83
2013,12953,Franklin,4642,898,3744,1101,3541,144,217,299,427,443,644,189,489,995,2341,1184,2830
2013,12955,Clinton,77,17,60,25,52,1,1,6,13,7,14,3,3,17,38,20,41
2013,12956,Essex,418,64,354,152,266,4,6,34,46,38,52,15,27,124,241,139,268
2013,12957,Franklin,624,109,515,234,390,15,16,51,62,66,78,18,46,161,352,179,398
2013,12958,Clinton,527,120,407,156,371,15,20,34,44,49,64,25,47,145,290,170,337
2013,12959,Clinton,346,75,271,107,239,10,14,19,33,29,47,9,13,84,186,93,199
2013,12960,Essex,195,44,151,65,130,3,11,13,16,16,27,8,16,47,94,55,110
2013,12961,Essex,46,14,32,11,35,1,1,3,3,4,4,5,11,5,16,10,27
2013,12962,Clinton,1095,244,851,342,753,27,34,77,113,104,147,42,71,290,653,332,724
2013,12964,Essex,12,6,6,0,12,3,3,2,4,5,7,4,9,2,6,6,15
2013,12965,St Lawrence,188,21,167,72,116,5,5,23,25,28,30,5,7,43,71,48,78
2013,12966,Franklin,854,163,691,286,568,24,37,61,77,85,114,30,88,162,341,192,429
2013,12967,St Lawrence,363,60,303,121,242,6,10,38,63,44,73,13,33,103,274,116,307
2013,12969,Franklin,78,24,54,18,60,0,0,12,15,12,15,2,3,17,41,19,44
2013,12970,Franklin,16,3,13,7,9,0,0,1,2,1,2,0,0,1,5,1,5
2013,12972,Clinton,1158,216,942,396,762,34,51,95,131,129,182,47,105,273,539,320,644
2013,12973,St Lawrence,32,7,25,11,21,0,0,7,13,7,13,0,0,13,23,13,23
2013,12974,Essex,613,270,343,115,498,30,31,27,37,57,68,85,172,108,266,193,438
2013,12975,Essex,34,11,23,9,25,1,1,6,6,7,7,0,0,8,15,8,15
2013,12976,Franklin,13,2,11,2,11,0,0,2,3,2,3,1,2,5,13,6,15
2013,12977,Essex,110,10,100,6,104,0,0,6,8,6,8,2,3,6,8,8,11
2013,12978,Clinton,98,16,82,32,66,1,1,11,20,12,21,1,2,22,44,23,46
2013,12979,Clinton,566,110,456,179,387,16,21,37,44,53,65,16,40,117,252,133,292
2013,12980,Franklin,365,78,287,95,270,10,16,21,26,31,42,11,27,82,170,93,197
2013,12981,Clinton,425,81,344,128,297,8,11,24,28,32,39,14,29,83,147,97,176
2013,12983,Franklin,1448,265,1183,436,1012,41,64,124,179,165,243,73,171,437,956,510,1127
2013,12985,Clinton,336,66,270,115,221,10,13,21,28,31,41,10,27,92,156,102,183
2013,12986,Franklin,1071,317,754,293,778,49,65,71,107,120,172,69,115,195,393,264,508
2013,12987,Essex,46,15,31,9,37,4,4,0,0,4,4,6,10,12,14,18,24
2013,12989,Franklin,97,25,72,28,69,4,5,6,8,10,13,4,9,17,35,21,44
2013,12992,Clinton,1149,243,906,367,782,33,38,91,124,124,162,49,96,282,607,331,703
2013,12993,Essex,281,66,215,73,208,3,5,13,18,16,23,17,37,78,123,95,160
2013,12995,Franklin,16,6,10,2,14,0,0,0,0,0,0,1,1,2,3,3,4
2013,12996,Essex,371,95,276,111,260,9,10,14,17,23,27,18,40,82,179,100,219
2013,12997,Essex,211,39,172,61,150,4,6,19,27,23,33,5,8,48,96,53,104
2013,12998,Essex,224,39,185,80,144,6,13,16,20,22,33,11,38,75,148,86,186
2013,13020,Onondaga,49,6,43,20,29,1,2,3,3,4,5,2,3,5,5,7,8
2013,13021,Cayuga,10767,1952,8815,3670,7097,330,466,835,1180,1165,1646,505,1327,2678,5653,3183,6980
2013,13022,Cayuga,24,1,23,2,22,0,0,2,4,2,4,0,0,5,17,5,17
2013,13024,Cayuga,98,8,90,4,94,0,0,2,3,2,3,0,0,0,0,0,0
2013,13026,Cayuga,180,32,148,56,124,2,3,17,20,19,23,2,5,35,51,37,56
2013,13027,Onondaga,4052,738,3314,1446,2606,80,105,313,403,393,508,107,280,598,1144,705,1424
2013,13028,Oswego,317,35,282,125,192,3,4,27,31,30,35,5,9,48,70,53,79
2013,13029,Onondaga,1067,154,913,413,654,14,15,94,141,108,156,24,47,177,320,201,367
2013,13030,Madison,647,81,566,220,427,14,15,46,55,60,70,8,13,110,266,118,279
2013,13031,Onondaga,1604,255,1349,576,1028,30,43,115,160,145,203,30,83,276,524,306,607
2013,13032,Madison,2958,421,2537,1063,1895,41,52,201,251,242,303,61,134,894,2045,955,2179
2013,13033,Cayuga,825,105,720,342,483,14,25,38,41,52,66,18,43,143,246,161,289
2013,13034,Cayuga,298,56,242,107,191,6,8,12,12,18,20,13,31,51,79,64,110
2013,13035,Madison,679,115,564,215,464,11,12,42,52,53,64,14,29,111,154,125,183
2013,13036,Oswego,2020,287,1733,745,1275,38,54,160,212,198,266,39,84,265,460,304,544
2013,13037,Madison,1540,278,1262,539,1001,29,32,104,147,133,179,37,69,294,514,331,583
2013,13039,Onondaga,1626,265,1361,578,1048,27,31,102,138,129,169,29,79,242,492,271,571
2013,13040,Cortland,719,113,606,258,461,8,13,57,82,65,95,9,18,139,266,148,284
2013,13041,Onondaga,1174,127,1047,464,710,13,25,88,117,101,142,17,44,165,287,182,331
2013,13042,Oneida,593,76,517,235,358,8,8,38,51,46,59,7,15,106,211,113,226
2013,13043,Madison,21,3,18,7,14,0,0,3,4,3,4,1,1,7,16,8,17
2013,13044,Oswego,540,77,463,185,355,3,3,37,49,40,52,11,16,82,150,93,166
2013,13045,Cortland,7523,1373,6150,2493,5030,231,325,649,918,880,1243,260,773,1616,3760,1876,4533
2013,13051,Onondaga,29,5,24,10,19,0,0,3,3,3,3,0,0,5,9,5,9
2013,13052,Madison,436,63,373,175,261,10,11,22,23,32,34,8,17,66,97,74,114
2013,13053,Tompkins,924,141,783,306,618,23,32,75,106,98,138,17,34,187,332,204,366
2013,13054,Oneida,271,32,239,98,173,4,4,26,30,30,34,6,9,68,116,74,125
2013,13056,Cortland,3,1,2,2,1,0,0,0,0,0,0,0,0,0,0,0,0
2013,13057,Onondaga,2593,521,2072,872,1721,70,117,202,279,272,396,82,171,427,898,509,1069
2013,13060,Onondaga,557,81,476,205,352,13,18,40,66,53,84,15,51,115,222,130,273
2013,13061,Madison,135,16,119,46,89,3,3,11,12,14,15,4,8,29,51,33,59
2013,13062,Tompkins,42,8,34,14,28,0,0,3,3,3,3,0,0,11,21,11,21
2013,13063,Onondaga,203,20,183,92,111,2,2,12,15,14,17,2,2,31,46,33,48
2013,13064,Cayuga,50,6,44,15,35,0,0,2,2,2,2,0,0,8,11,8,11
2013,13065,Seneca,41,4,37,9,32,0,0,0,0,0,0,0,0,12,20,12,20
2013,13066,Onondaga,753,164,589,234,519,21,35,49,66,70,101,16,37,77,129,93,166
2013,13068,Tompkins,1125,157,968,459,666,17,20,89,116,106,136,11,32,167,318,178,350
2013,13069,Oswego,9061,1162,7899,3456,5605,182,258,766,1040,948,1298,215,565,1649,3155,1864,3720
2013,13071,Cayuga,193,24,169,78,115,2,2,21,30,23,32,3,3,35,79,38,82
2013,13072,Madison,225,35,190,71,154,6,7,8,11,14,18,6,13,62,99,68,112
2013,13073,Tompkins,1415,216,1199,517,898,23,37,118,157,141,194,19,46,217,404,236,450
2013,13074,Oswego,1434,125,1309,560,874,11,14,123,163,134,177,16,22,303,521,319,543
2013,13076,Oswego,515,60,455,176,339,9,13,58,78,67,91,6,8,82,118,88,126
2013,13077,Cortland,1461,205,1256,558,903,26,36,111,134,137,170,31,84,263,476,294,560
2013,13078,Onondaga,1050,219,831,237,813,18,25,107,145,125,170,22,56,216,409,238,465
2013,13080,Onondaga,536,105,431,180,356,12,14,32,45,44,59,13,39,80,124,93,163
2013,13081,Cayuga,167,23,144,63,104,3,4,12,12,15,16,1,2,13,17,14,19
2013,13082,Madison,842,172,670,305,537,22,25,67,96,89,121,26,42,136,286,162,328
2013,13083,Oswego,452,50,402,163,289,3,3,45,47,48,50,6,10,73,141,79,151
2013,13084,Onondaga,548,82,466,213,335,13,14,38,49,51,63,14,30,87,189,101,219
2013,13087,Cortland,34,11,23,9,25,1,1,1,2,2,3,1,1,4,5,5,6
2013,13088,Onondaga,3395,551,2844,1187,2208,61,84,284,392,345,476,62,144,572,1221,634,1365
2013,13089,Onondaga,41,4,37,17,24,0,0,3,3,3,3,0,0,12,19,12,19
2013,13090,Onondaga,4107,467,3640,1653,2454,54,72,330,433,384,505,60,132,643,1223,703,1355
2013,13092,Cayuga,560,78,482,219,341,12,24,47,61,59,85,14,50,89,133,103,183
2013,13093,Oswego,23,3,20,8,15,2,2,1,2,3,4,2,7,3,15,5,22
2013,13101,Cortland,709,109,600,256,453,25,33,50,61,75,94,23,40,138,213,161,253
2013,13102,Tompkins,48,11,37,12,36,3,4,0,0,3,4,0,0,6,10,6,10
2013,13103,Oswego,203,25,178,81,122,3,5,13,14,16,19,2,4,31,60,33,64
2013,13104,Onondaga,1062,228,834,347,715,32,39,81,109,113,148,20,30,113,183,133,213
2013,13107,Oswego,12,1,11,5,7,0,0,2,2,2,2,1,1,1,1,2,2
2013,13108,Onondaga,549,84,465,206,343,7,9,43,58,50,67,12,38,98,174,110,212
2013,13110,Onondaga,234,39,195,84,150,4,6,17,22,21,28,4,8,31,36,35,44
2013,13111,Cayuga,534,59,475,213,321,9,10,46,62,55,72,11,15,88,151,99,166
2013,13112,Onondaga,233,25,208,99,134,1,1,20,21,21,22,2,2,25,37,27,39
2013,13113,Cayuga,54,10,44,19,35,1,1,3,3,4,4,1,2,7,13,8,15
2013,13114,Oswego,1738,220,1518,630,1108,48,70,147,242,195,312,43,117,392,789,435,906
2013,13115,Oswego,67,6,61,25,42,1,1,5,5,6,6,1,1,12,21,13,22
2013,13116,Onondaga,508,111,397,182,326,17,25,39,56,56,81,15,32,67,124,82,156
2013,13117,Cayuga,55,13,42,13,42,1,1,6,7,7,8,1,3,9,11,10,14
2013,13118,Cayuga,1327,214,1113,401,926,31,52,80,95,111,147,40,60,180,279,220,339
2013,13119,Onondaga,19,3,16,4,15,0,0,2,5,2,5,0,0,1,2,1,2
2013,13120,Onondaga,683,59,624,300,383,8,12,75,100,83,112,11,27,145,256,156,283
2013,13121,Oswego,53,8,45,18,35,0,0,5,5,5,5,2,2,7,13,9,15
2013,13122,Madison,170,25,145,65,105,3,3,9,13,12,16,6,7,25,40,31,47
2013,13123,Oneida,113,26,87,36,77,3,3,3,4,6,7,3,5,20,40,23,45
2013,13124,Chenango,27,5,22,8,19,0,0,4,7,4,7,0,0,6,10,6,10
2013,13126,Oswego,8769,1466,7303,3032,5737,251,368,809,1128,1060,1496,330,933,2440,5197,2770,6130
2013,13131,Oswego,1076,118,958,394,682,15,20,89,114,104,134,20,37,161,271,181,308
2013,13132,Oswego,866,102,764,316,550,13,19,79,96,92,115,18,54,135,209,153,263
2013,13134,Madison,25,3,22,9,16,1,1,0,0,1,1,1,1,11,18,12,19
2013,13135,Oswego,1598,184,1414,599,999,25,32,145,190,170,222,23,48,230,369,253,417
2013,13136,Chenango,169,16,153,62,107,2,3,11,11,13,14,1,2,41,78,42,80
2013,13137,Onondaga,24,2,22,10,14,0,0,3,5,3,5,1,1,4,6,5,7
2013,13138,Onondaga,36,3,33,14,22,0,0,3,5,3,5,1,8,3,3,4,11
2013,13139,Cayuga,6,0,6,2,4,0,0,0,0,0,0,0,0,0,0,0,0
2013,13140,Cayuga,1066,150,916,395,671,18,30,82,112,100,142,33,67,233,394,266,461
2013,13141,Cortland,171,25,146,69,102,4,5,6,6,10,11,2,3,29,44,31,47
2013,13142,Oswego,1523,246,1277,506,1017,29,40,111,134,140,174,29,73,213,336,242,409
2013,13143,Wayne,831,95,736,329,502,7,13,51,73,58,86,13,24,156,280,169,304
2013,13144,Oswego,452,59,393,171,281,3,3,33,35,36,38,4,8,68,123,72,131
2013,13145,Oswego,542,81,461,210,332,10,11,43,55,53,66,14,23,77,132,91,155
2013,13146,Wayne,548,101,447,199,349,14,18,35,54,49,72,20,49,140,258,160,307
2013,13147,Cayuga,213,23,190,93,120,4,4,18,22,22,26,1,2,30,45,31,47
2013,13148,Seneca,2348,420,1928,827,1521,65,85,184,255,249,340,80,171,534,981,614,1152
2013,13152,Onondaga,436,111,325,119,317,14,19,22,31,36,50,13,35,40,69,53,104
2013,13153,Onondaga,43,12,31,14,29,1,1,1,1,2,2,0,0,6,11,6,11
2013,13154,Wayne,46,5,41,23,23,2,2,3,3,5,5,2,2,13,18,15,20
2013,13155,Chenango,185,30,155,67,118,4,4,13,14,17,18,5,15,37,70,42,85
2013,13156,Cayuga,316,55,261,102,214,5,6,33,42,38,48,9,18,50,89,59,107
2013,13157,Oneida,173,38,135,48,125,8,11,13,15,21,26,7,10,42,74,49,84
2013,13158,Cortland,470,71,399,167,303,15,21,36,40,51,61,12,42,88,167,100,209
2013,13159,Onondaga,662,85,577,261,401,11,12,69,96,80,108,8,18,88,155,96,173
2013,13160,Cayuga,270,61,209,90,180,6,9,22,33,28,42,16,46,48,93,64,139
2013,13162,Oneida,57,17,40,14,43,0,0,3,3,3,3,6,13,8,13,14,26
2013,13163,Madison,204,12,192,97,107,2,2,10,12,12,14,4,22,57,170,61,192
2013,13164,Onondaga,319,32,287,127,192,5,6,28,31,33,37,4,5,46,88,50,93
2013,13165,Seneca,2542,540,2002,860,1682,97,116,192,250,289,366,83,154,638,1330,721,1484
2013,13166,Cayuga,1124,221,903,372,752,31,38,91,119,122,157,46,165,210,434,256,599
2013,13167,Oswego,695,73,622,266,429,5,6,50,70,55,76,8,14,83,150,91,164
2013,13201,Onondaga,194,58,136,44,150,10,16,14,19,24,35,22,126,52,112,74,238
2013,13202,Onondaga,4091,460,3631,1402,2689,90,146,505,856,595,1002,146,409,1246,3353,1392,3762
2013,13203,Onondaga,8769,1382,7387,2995,5774,252,357,842,1205,1094,1562,369,984,2471,5550,2840,6534
2013,13204,Onondaga,12232,1410,10822,5035,7197,210,317,1181,1750,1391,2067,388,1117,3581,8121,3969,9238
2013,13205,Onondaga,10821,1993,8828,4286,6535,305,442,937,1345,1242,1787,427,1143,2702,5763,3129,6906
2013,13206,Onondaga,4964,655,4309,1771,3193,98,145,426,566,524,711,147,402,1231,2552,1378,2954
2013,13207,Onondaga,5550,482,5068,2382,3168,49,72,515,719,564,791,107,248,1611,3385,1718,3633
2013,13208,Onondaga,13155,1405,11750,5100,8055,192,286,1166,1645,1358,1931,345,889,3921,8769,4266,9658
2013,13209,Onondaga,2994,433,2561,1115,1879,52,91,238,327,290,418,66,148,589,1132,655,1280
2013,13210,Onondaga,5049,801,4248,1766,3283,157,226,448,612,605,838,201,474,1203,2469,1404,2943
2013,13211,Onondaga,2034,225,1809,817,1217,34,41,190,277,224,318,41,90,425,941,466,1031
2013,13212,Onondaga,3722,743,2979,1250,2472,108,145,286,416,394,561,130,331,582,1128,712,1459
2013,13214,Onondaga,1329,287,1042,425,904,36,47,106,149,142,196,44,113,230,545,274,658
2013,13215,Onondaga,1497,579,918,352,1145,93,117,84,118,177,235,85,151,176,389,261,540
2013,13217,Onondaga,36,11,25,8,28,4,4,1,1,5,5,2,3,8,15,10,18
2013,13218,Onondaga,791,360,431,45,746,91,138,118,363,209,501,150,915,224,1513,374,2428
2013,13219,Onondaga,2018,470,1548,629,1389,50,75,158,203,208,278,54,110,297,632,351,742
2013,13220,Onondaga,50,9,41,16,34,1,1,1,2,2,3,1,12,9,19,10,31
2013,13221,Onondaga,11,2,9,7,4,1,5,0,0,1,5,0,0,0,0,0,0
2013,13224,Onondaga,2546,277,2269,925,1621,39,78,205,265,244,343,59,161,651,1372,710,1533
2013,13235,Onondaga,13,0,13,3,10,0,0,0,0,0,0,0,0,5,72,5,72
2013,13244,Onondaga,2,0,2,0,2,0,0,1,1,1,1,0,0,2,2,2,2
2013,13252,Onondaga,2,1,1,1,1,0,0,0,0,0,0,0,0,1,1,1,1
2013,13261,Onondaga,4,1,3,1,3,1,1,0,0,1,1,0,0,2,2,2,2
2013,13290,Onondaga,45,19,26,0,45,2,5,9,34,11,39,3,18,13,84,16,102
2013,13301,Oneida,29,7,22,12,17,0,0,0,0,0,0,0,0,4,5,4,5
2013,13302,Oswego,641,69,572,253,388,14,20,82,125,96,145,16,32,109,226,125,258
2013,13303,Oneida,162,18,144,59,103,1,1,7,7,8,8,1,1,32,65,33,66
2013,13304,Oneida,207,37,170,77,130,6,7,14,15,20,22,6,9,27,48,33,57
2013,13305,Lewis,68,9,59,29,39,2,2,7,7,9,9,0,0,19,29,19,29
2013,13308,Oneida,1032,131,901,423,609,12,13,83,106,95,119,16,37,282,526,298,563
2013,13309,Oneida,1375,294,1081,477,898,43,49,113,135,156,184,44,82,287,469,331,551
2013,13310,Madison,163,26,137,64,99,3,4,16,19,19,23,5,11,55,103,60,114
2013,13312,Lewis,55,13,42,20,35,1,1,4,5,5,6,1,1,9,17,10,18
2013,13313,Oneida,241,35,206,85,156,5,6,15,23,20,29,10,16,62,99,72,115
2013,13314,Madison,159,26,133,62,97,4,7,14,18,18,25,9,34,35,61,44,95
2013,13315,Otsego,287,55,232,95,192,1,1,25,36,26,37,9,14,76,120,85,134
2013,13316,Oneida,1525,229,1296,569,956,30,41,91,115,121,156,29,84,377,756,406,840
2013,13317,Montgomery,914,142,772,332,582,27,35,73,94,100,129,26,46,225,488,251,534
2013,13318,Oneida,246,28,218,90,156,6,7,29,44,35,51,1,1,63,108,64,109
2013,13319,Oneida,304,24,280,123,181,2,2,21,29,23,31,2,5,54,105,56,110
2013,13320,Otsego,407,84,323,138,269,10,14,25,26,35,40,15,35,88,134,103,169
2013,13321,Oneida,331,54,277,121,210,6,6,29,39,35,45,7,11,69,133,76,144
2013,13322,Oneida,197,37,160,75,122,6,8,18,19,24,27,4,7,29,34,33,41
2013,13323,Oneida,1294,475,819,307,987,70,86,66,89,136,175,55,131,153,236,208,367
2013,13324,Herkimer,523,89,434,183,340,13,21,28,30,41,51,15,26,86,112,101,138
2013,13325,Lewis,226,37,189,84,142,3,4,24,31,27,35,2,2,52,73,54,75
2013,13326,Otsego,963,296,667,278,685,31,38,75,105,106,143,43,80,195,423,238,503
2013,13327,Lewis,435,100,335,158,277,12,19,31,41,43,60,6,8,80,136,86,144
2013,13328,Oneida,172,21,151,55,117,4,5,15,15,19,20,2,3,32,50,34,53
2013,13329,Fulton,1130,210,920,413,717,27,41,60,82,87,123,35,77,310,514,345,591
2013,13331,Herkimer,22,10,12,4,18,1,3,0,0,1,3,2,4,1,2,3,6
2013,13332,Madison,638,88,550,244,394,12,13,48,70,60,83,21,36,172,336,193,372
2013,13333,Otsego,28,10,18,7,21,0,0,1,3,1,3,1,2,5,5,6,7
2013,13334,Madison,308,37,271,110,198,6,7,26,34,32,41,9,14,93,201,102,215
2013,13335,Otsego,382,98,284,113,269,10,13,14,14,24,27,11,20,56,84,67,104
2013,13337,Otsego,88,15,73,30,58,1,2,1,1,2,3,2,5,21,33,23,38
2013,13338,Oneida,322,56,266,103,219,7,16,26,30,33,46,7,9,38,59,45,68
2013,13339,Montgomery,1958,316,1642,707,1251,41,54,120,157,161,211,47,93,460,827,507,920
2013,13340,Herkimer,1822,336,1486,613,1209,44,54,148,179,192,233,47,94,334,518,381,612
2013,13341,Oneida,17,4,13,4,13,0,0,0,0,0,0,0,0,1,2,1,2
2013,13342,Otsego,27,8,19,8,19,2,4,4,4,6,8,3,3,5,9,8,12
2013,13343,Lewis,473,82,391,177,296,6,7,37,47,43,54,6,7,110,203,116,210
2013,13345,Lewis,56,9,47,20,36,1,1,5,5,6,6,0,0,17,39,17,39
2013,13346,Madison,504,113,391,159,345,11,14,42,59,53,73,22,43,130,279,152,322
2013,13348,Otsego,269,45,224,92,177,8,12,11,12,19,24,6,6,70,111,76,117
2013,13350,Herkimer,3380,816,2564,1095,2285,132,181,295,404,427,585,167,329,717,1408,884,1737
2013,13352,Oneida,87,21,66,25,62,2,3,13,15,15,18,4,13,18,42,22,55
2013,13353,Hamilton,14,4,10,5,9,2,3,2,2,4,5,0,0,2,4,2,4
2013,13354,Oneida,561,69,492,213,348,7,10,43,52,50,62,7,53,86,162,93,215
2013,13355,Madison,224,46,178,76,148,6,8,20,26,26,34,19,33,63,101,82,134
2013,13357,Herkimer,3333,615,2718,1206,2127,85,109,250,318,335,427,98,198,727,1247,825,1445
2013,13360,Hamilton,70,8,62,31,39,0,0,10,13,10,13,0,0,11,12,11,12
2013,13361,Herkimer,162,30,132,56,106,2,3,11,12,13,15,2,5,28,45,30,50
2013,13362,Oneida,8,2,6,2,6,0,0,1,3,1,3,1,1,3,16,4,17
2013,13363,Oneida,590,59,531,222,368,6,8,66,79,72,87,8,14,204,407,212,421
2013,13364,Madison,62,5,57,19,43,1,1,5,11,6,12,1,7,14,20,15,27
2013,13365,Herkimer,2417,521,1896,804,1613,87,127,188,275,275,402,129,310,746,1590,875,1900
2013,13367,Lewis,1822,401,1421,647,1175,50,73,168,230,218,303,36,65,431,991,467,1056
2013,13368,Lewis,403,71,332,141,262,8,12,36,49,44,61,4,18,114,272,118,290
2013,13401,Oneida,19,3,16,4,15,0,0,5,6,5,6,0,0,8,17,8,17
2013,13402,Madison,396,50,346,160,236,10,13,52,63,62,76,15,35,138,275,153,310
2013,13403,Oneida,1145,126,1019,158,987,15,17,62,96,77,113,17,29,122,193,139,222
2013,13404,Lewis,75,8,67,20,55,2,2,5,6,7,8,0,0,23,41,23,41
2013,13406,Herkimer,137,42,95,34,103,6,11,8,13,14,24,6,9,24,39,30,48
2013,13407,Herkimer,1238,246,992,420,818,22,28,98,130,120,158,34,59,255,442,289,501
2013,13408,Madison,651,154,497,226,425,34,44,42,53,76,97,32,60,172,373,204,433
2013,13409,Madison,530,59,471,208,322,8,9,40,42,48,51,13,29,134,277,147,306
2013,13410,Montgomery,148,25,123,50,98,4,9,12,16,16,25,4,10,30,56,34,66
2013,13411,Chenango,946,203,743,318,628,26,34,58,71,84,105,26,48,190,336,216,384
2013,13413,Oneida,1728,704,1024,410,1318,110,138,87,123,197,261,102,236,200,362,302,598
2013,13415,Otsego,28,11,17,9,19,1,2,2,2,3,4,3,6,2,2,5,8
2013,13416,Herkimer,405,92,313,122,283,15,18,29,42,44,60,10,11,59,101,69,112
2013,13417,Oneida,704,127,577,248,456,15,19,58,69,73,88,17,26,129,222,146,248
2013,13418,Madison,61,11,50,26,35,1,1,0,0,1,1,2,5,16,20,18,25
2013,13420,Herkimer,208,40,168,68,140,2,3,29,31,31,34,0,0,30,46,30,46
2013,13421,Madison,3880,823,3057,1249,2631,101,128,327,484,428,612,134,274,1256,3578,1390,3852
2013,13424,Oneida,442,139,303,116,326,19,21,33,40,52,61,13,28,66,121,79,149
2013,13425,Oneida,428,84,344,169,259,6,7,41,60,47,67,19,37,90,175,109,212
2013,13426,Oswego,111,19,92,15,96,6,11,16,37,22,48,5,30,17,60,22,90
2013,13428,Montgomery,358,110,248,109,249,17,21,22,24,39,45,19,31,55,95,74,126
2013,13431,Herkimer,347,55,292,136,211,5,7,22,30,27,37,3,4,57,88,60,92
2013,13433,Lewis,631,102,529,242,389,17,17,57,86,74,103,14,35,161,310,175,345
2013,13435,Oneida,54,2,52,18,36,1,1,1,1,2,2,1,1,14,27,15,28
2013,13436,Hamilton,11,3,8,2,9,0,0,2,2,2,2,0,0,0,0,0,0
2013,13437,Oswego,108,22,86,37,71,3,4,2,2,5,6,3,12,12,16,15,28
2013,13438,Oneida,625,92,533,240,385,13,18,49,64,62,82,23,44,103,191,126,235
2013,13439,Otsego,929,168,761,346,583,24,29,81,102,105,131,13,17,202,335,215,352
2013,13440,Oneida,12182,2276,9906,4207,7975,355,494,1010,1372,1365,1866,507,1265,3447,7599,3954,8864
2013,13441,Oneida,8,2,6,0,8,0,0,0,0,0,0,0,0,2,3,2,3
2013,13442,Oneida,518,213,305,86,432,24,37,25,36,49,73,47,113,85,171,132,284
2013,13449,Oneida,2,0,2,1,1,0,0,2,2,2,2,0,0,1,2,1,2
2013,13450,Otsego,71,8,63,24,47,2,2,3,4,5,6,1,2,22,27,23,29
2013,13452,Fulton,1463,265,1198,514,949,42,55,96,130,138,185,55,102,352,633,407,735
2013,13454,Herkimer,267,40,227,103,164,3,4,29,32,32,36,6,16,57,113,63,129
2013,13455,Oneida,13,6,7,2,11,0,0,1,1,1,1,0,0,1,1,1,1
2013,13456,Oneida,551,92,459,201,350,11,15,41,47,52,62,11,28,94,190,105,218
2013,13457,Otsego,75,18,57,22,53,2,3,1,2,3,5,4,19,16,34,20,53
2013,13459,Schoharie,508,104,404,175,333,9,9,30,34,39,43,21,38,113,167,134,205
2013,13460,Chenango,1247,241,1006,416,831,42,52,67,81,109,133,46,102,312,634,358,736
2013,13461,Oneida,410,109,301,138,272,9,11,29,35,38,46,11,20,84,138,95,158
2013,13464,Chenango,323,56,267,111,212,9,10,25,34,34,44,9,18,105,207,114,225
2013,13465,Madison,2,1,1,1,1,0,0,0,0,0,0,0,0,0,0,0,0
2013,13468,Otsego,102,18,84,34,68,2,2,10,20,12,22,3,4,20,33,23,37
2013,13469,Oneida,116,14,102,47,69,3,4,14,17,17,21,2,3,22,43,24,46
2013,13470,Fulton,199,39,160,66,133,7,7,12,17,19,24,6,8,44,89,50,97
2013,13471,Oneida,1089,134,955,436,653,15,25,84,105,99,130,29,72,334,608,363,680
2013,13472,Herkimer,20,8,12,2,18,0,0,0,0,0,0,0,0,1,1,1,1
2013,13473,Lewis,174,30,144,64,110,3,3,17,28,20,31,3,3,52,107,55,110
2013,13475,Otsego,26,6,20,9,17,0,0,4,4,4,4,0,0,4,4,4,4
2013,13476,Oneida,638,82,556,238,400,13,17,61,77,74,94,11,17,178,396,189,413
2013,13477,Oneida,302,36,266,127,175,3,4,14,15,17,19,3,5,85,173,88,178
2013,13478,Oneida,493,65,428,195,298,2,3,31,39,33,42,13,21,123,271,136,292
2013,13479,Oneida,20,4,16,4,16,0,0,4,5,4,5,0,0,9,14,9,14
2013,13480,Oneida,810,187,623,273,537,22,36,52,71,74,107,32,57,164,256,196,313
2013,13482,Otsego,16,2,14,6,10,0,0,2,2,2,2,0,0,4,5,4,5
2013,13483,Oneida,104,8,96,50,54,2,2,6,6,8,8,1,2,25,53,26,55
2013,13484,Madison,78,5,73,38,40,1,2,5,6,6,8,1,5,28,60,29,65
2013,13485,Madison,270,46,224,98,172,9,11,17,21,26,32,9,21,61,103,70,124
2013,13486,Oneida,134,19,115,44,90,6,6,10,10,16,16,7,12,30,70,37,82
2013,13488,Otsego,84,11,73,34,50,2,3,7,15,9,18,3,3,21,40,24,43
2013,13489,Lewis,160,24,136,64,96,1,1,13,19,14,20,3,3,38,61,41,64
2013,13490,Oneida,208,31,177,86,122,6,9,17,21,23,30,7,13,45,93,52,106
2013,13491,Herkimer,795,135,660,309,486,20,22,62,77,82,99,16,23,138,227,154,250
2013,13492,Oneida,1571,292,1279,519,1052,39,52,120,143,159,195,44,90,269,490,313,580
2013,13493,Oswego,602,66,536,244,358,9,10,37,49,46,59,6,18,96,154,102,172
2013,13494,Oneida,55,11,44,17,38,3,4,3,7,6,11,0,0,11,17,11,17
2013,13495,Oneida,377,66,311,117,260,12,21,33,41,45,62,11,25,81,154,92,179
2013,13501,Oneida,22606,3359,19247,8502,14104,596,821,2022,2802,2618,3623,684,1634,5032,10213,5716,11847
2013,13502,Oneida,12086,1790,10296,4454,7632,284,412,1147,1577,1431,1989,349,917,2917,6118,3266,7035
2013,13503,Oneida,317,91,226,91,226,8,10,29,49,37,59,25,57,76,165,101,222
2013,13504,Oneida,282,190,92,37,245,39,52,9,15,48,67,41,125,28,66,69,191
2013,13505,Oneida,140,30,110,41,99,6,6,12,13,18,19,6,14,34,61,40,75
2013,13601,Jefferson,11867,2101,9766,3928,7939,330,418,1140,1590,1470,2008,435,869,3446,8590,3881,9459
2013,13602,Jefferson,28,2,26,16,12,2,2,3,3,5,5,1,1,4,16,5,17
2013,13603,Jefferson,165,17,148,83,82,2,2,16,19,18,21,3,4,19,43,22,47
2013,13605,Jefferson,1212,216,996,439,773,33,48,107,126,140,174,36,79,294,615,330,694
2013,13606,Jefferson,532,81,451,180,352,11,16,46,50,57,66,13,21,118,242,131,263
2013,13607,Jefferson,388,80,308,107,281,9,15,33,53,42,68,19,33,129,281,148,314
2013,13608,Jefferson,488,64,424,175,313,5,5,27,36,32,41,11,25,157,332,168,357
2013,13611,Jefferson,51,11,40,16,35,1,2,4,8,5,10,1,2,10,18,11,20
2013,13612,Jefferson,632,99,533,223,409,23,27,57,73,80,100,20,47,168,329,188,376
2013,13613,St Lawrence,796,133,663,278,518,20,25,61,86,81,111,36,89,233,466,269,555
2013,13614,St Lawrence,153,28,125,58,95,3,4,7,10,10,14,6,14,48,80,54,94
2013,13615,Jefferson,213,50,163,61,152,8,8,11,11,19,19,9,10,48,95,57,105
2013,13616,Jefferson,274,33,241,107,167,9,15,32,37,41,52,5,27,75,160,80,187
2013,13617,St Lawrence,2165,521,1644,594,1571,78,103,189,260,267,363,111,239,563,1202,674,1441
2013,13618,Jefferson,542,76,466,105,437,8,9,27,30,35,39,5,12,73,121,78,133
2013,13619,Jefferson,2423,414,2009,911,1512,59,79,185,233,244,312,63,133,777,1683,840,1816
2013,13620,Lewis,418,89,329,156,262,11,14,28,35,39,49,7,12,95,180,102,192
2013,13621,St Lawrence,197,48,149,57,140,6,8,17,21,23,29,7,15,50,142,57,157
2013,13622,Jefferson,482,66,416,189,293,9,10,40,46,49,56,8,10,90,152,98,162
2013,13623,St Lawrence,15,3,12,6,9,0,0,0,0,0,0,0,0,2,2,2,2
2013,13624,Jefferson,818,169,649,259,559,25,37,55,70,80,107,31,48,206,352,237,400
2013,13625,St Lawrence,328,85,243,91,237,5,6,19,22,24,28,14,21,79,173,93,194
2013,13626,Lewis,389,88,301,136,253,9,9,33,46,42,55,8,12,84,161,92,173
2013,13627,Lewis,13,6,7,2,11,0,0,0,0,0,0,0,0,0,0,0,0
2013,13628,Jefferson,36,6,30,12,24,0,0,1,1,1,1,1,1,12,32,13,33
2013,13630,St Lawrence,364,81,283,114,250,14,18,22,33,36,51,19,51,83,138,102,189
2013,13632,Jefferson,79,6,73,32,47,2,3,7,7,9,10,2,2,10,16,12,18
2013,13633,St Lawrence,48,13,35,11,37,1,1,2,5,3,6,1,5,14,33,15,38
2013,13634,Jefferson,881,130,751,322,559,17,25,59,69,76,94,17,27,181,322,198,349
2013,13635,St Lawrence,356,64,292,123,233,6,9,32,33,38,42,15,30,104,201,119,231
2013,13636,Jefferson,62,8,54,19,43,1,2,5,7,6,9,2,4,12,26,14,30
2013,13637,Jefferson,530,76,454,213,317,6,6,55,69,61,75,10,34,90,254,100,288
2013,13638,Jefferson,117,19,98,45,72,3,3,8,9,11,12,1,1,34,81,35,82
2013,13639,St Lawrence,102,16,86,36,66,3,4,13,28,16,32,7,15,38,110,45,125
2013,13640,Jefferson,36,9,27,4,32,1,1,1,1,2,2,1,4,10,20,11,24
2013,13641,Jefferson,14,3,11,4,10,1,1,0,0,1,1,1,1,3,7,4,8
2013,13642,St Lawrence,3144,544,2600,1005,2139,60,86,249,332,309,418,154,356,1117,2803,1271,3159
2013,13643,Jefferson,65,13,52,18,47,1,3,6,12,7,15,1,17,22,73,23,90
2013,13645,St Lawrence,35,6,29,9,26,0,0,4,5,4,5,1,1,17,56,18,57
2013,13646,St Lawrence,640,125,515,199,441,21,24,48,71,69,95,27,66,201,414,228,480
2013,13647,St Lawrence,41,14,27,7,34,0,0,3,3,3,3,4,6,8,15,12,21
2013,13648,St Lawrence,514,113,401,174,340,15,21,38,65,53,86,14,17,140,256,154,273
2013,13649,St Lawrence,23,3,20,8,15,0,0,2,2,2,2,0,0,5,8,5,8
2013,13650,Jefferson,302,58,244,107,195,4,6,22,33,26,39,3,3,52,83,55,86
2013,13651,Jefferson,20,4,16,8,12,0,0,0,0,0,0,0,0,9,20,9,20
2013,13652,St Lawrence,692,124,568,262,430,9,12,55,68,64,80,19,42,215,446,234,488
2013,13654,St Lawrence,466,94,372,152,314,6,7,26,53,32,60,13,20,124,253,137,273
2013,13655,Franklin,1195,115,1080,478,717,21,31,110,137,131,168,34,76,285,545,319,621
2013,13656,Jefferson,781,102,679,301,480,15,18,47,52,62,70,20,53,238,444,258,497
2013,13657,Jefferson,4,1,3,2,2,0,0,0,0,0,0,0,0,1,3,1,3
2013,13658,St Lawrence,566,110,456,195,371,15,18,26,39,41,57,29,50,174,359,203,409
2013,13659,Jefferson,171,30,141,62,109,5,6,12,13,17,19,7,19,31,58,38,77
2013,13660,St Lawrence,544,74,470,213,331,11,12,62,82,73,94,15,32,174,348,189,380
2013,13661,Jefferson,343,55,288,117,226,2,3,13,17,15,20,8,10,45,84,53,94
2013,13662,St Lawrence,4878,885,3993,1680,3198,135,188,478,706,613,894,244,614,1673,3867,1917,4481
2013,13664,St Lawrence,132,24,108,45,87,0,0,11,23,11,23,6,7,32,80,38,87
2013,13665,Lewis,284,33,251,124,160,5,5,19,28,24,33,7,9,97,235,104,244
2013,13666,St Lawrence,145,9,136,57,88,2,2,16,17,18,19,3,3,74,173,77,176
2013,13667,St Lawrence,1088,172,916,415,673,33,46,92,132,125,178,50,110,381,818,431,928
2013,13668,St Lawrence,768,118,650,282,486,8,13,80,118,88,131,20,38,271,669,291,707
2013,13669,St Lawrence,4872,959,3913,1460,3412,149,196,419,660,568,856,231,457,1629,4094,1860,4551
2013,13670,St Lawrence,151,23,128,46,105,3,3,12,19,15,22,4,16,42,71,46,87
2013,13671,Jefferson,11,3,8,3,8,0,0,1,1,1,1,1,2,2,8,3,10
2013,13672,St Lawrence,162,40,122,49,113,6,10,16,20,22,30,13,19,44,99,57,118
2013,13673,Jefferson,509,86,423,182,327,15,22,38,45,53,67,11,18,115,209,126,227
2013,13674,Jefferson,35,8,27,8,27,1,1,1,1,2,2,1,1,6,12,7,13
2013,13675,Jefferson,43,5,38,13,30,0,0,4,4,4,4,1,1,12,15,13,16
2013,13676,St Lawrence,2250,413,1837,734,1516,49,67,205,321,254,388,87,183,764,1808,851,1991
2013,13677,St Lawrence,25,6,19,7,18,0,0,0,0,0,0,2,4,7,14,9,18
2013,13678,St Lawrence,118,15,103,47,71,3,4,9,16,12,20,3,6,45,87,48,93
2013,13679,Jefferson,459,71,388,177,282,4,4,29,31,33,35,16,38,131,294,147,332
2013,13680,St Lawrence,290,37,253,109,181,5,5,12,12,17,17,2,3,83,139,85,142
2013,13681,St Lawrence,342,41,301,146,196,7,9,27,31,34,40,8,11,111,205,119,216
2013,13682,Jefferson,168,34,134,63,105,7,10,12,16,19,26,6,12,40,81,46,93
2013,13683,St Lawrence,73,12,61,27,46,1,1,7,12,8,13,2,2,20,41,22,43
2013,13684,St Lawrence,327,67,260,120,207,13,16,30,37,43,53,13,23,75,153,88,176
2013,13685,Jefferson,278,57,221,91,187,7,10,10,10,17,20,6,13,52,105,58,118
2013,13687,St Lawrence,89,22,67,23,66,2,2,8,8,10,10,5,6,24,48,29,54
2013,13690,St Lawrence,266,71,195,76,190,7,8,22,36,29,44,17,33,80,170,97,203
2013,13691,Jefferson,808,109,699,280,528,17,19,68,91,85,110,24,60,267,559,291,619
2013,13692,Jefferson,6,1,5,2,4,0,0,1,1,1,1,0,0,2,3,2,3
2013,13693,Jefferson,110,11,99,45,65,0,0,15,17,15,17,1,1,31,57,32,58
2013,13694,St Lawrence,340,89,251,95,245,9,13,20,39,29,52,14,18,86,172,100,190
2013,13695,St Lawrence,2,0,2,0,2,0,0,0,0,0,0,0,0,1,2,1,2
2013,13696,St Lawrence,66,8,58,22,44,2,2,2,5,4,7,1,4,31,87,32,91
2013,13697,St Lawrence,593,91,502,216,377,16,20,64,103,80,123,17,39,193,442,210,481
2013,13699,St Lawrence,7,3,4,0,7,0,0,0,0,0,0,0,0,0,0,0,0
2013,13730,Chenango,767,143,624,240,527,15,21,53,73,68,94,22,44,202,421,224,465
2013,13731,Delaware,203,32,171,75,128,4,4,12,16,16,20,4,6,52,98,56,104
2013,13732,Tioga,1056,157,899,422,634,25,34,67,75,92,109,25,42,147,247,172,289
2013,13733,Chenango,1168,232,936,376,792,22,32,84,114,106,146,53,88,312,598,365,686
2013,13734,Tioga,533,64,469,202,331,7,8,44,51,51,59,2,3,99,194,101,197
2013,13736,Tioga,533,78,455,228,305,9,12,38,46,47,58,13,24,73,126,86,150
2013,13737,Broome,37,2,35,13,24,0,0,3,3,3,3,1,1,10,25,11,26
2013,13738,Cortland,58,11,47,16,42,1,1,2,2,3,3,5,16,13,23,18,39
2013,13739,Delaware,181,33,148,55,126,3,3,17,20,20,23,3,4,46,93,49,97
2013,13740,Delaware,109,13,96,40,69,0,0,5,6,5,6,1,1,36,69,37,70
2013,13743,Tioga,858,134,724,340,518,8,15,57,63,65,78,7,11,139,206,146,217
2013,13744,Broome,223,26,197,91,132,5,5,17,17,22,22,7,10,40,63,47,73
2013,13745,Broome,42,13,29,11,31,0,0,1,1,1,1,0,0,8,20,8,20
2013,13746,Broome,590,106,484,209,381,11,15,30,38,41,53,25,53,109,199,134,252
2013,13747,Otsego,20,4,16,2,18,1,3,2,5,3,8,1,8,7,17,8,25
2013,13748,Broome,853,160,693,298,555,14,16,44,55,58,71,21,38,161,299,182,337
2013,13749,Broome,9,2,7,3,6,0,0,1,3,1,3,0,0,4,7,4,7
2013,13750,Delaware,309,45,264,120,189,5,5,18,26,23,31,6,18,83,165,89,183
2013,13751,Delaware,72,13,59,23,49,0,0,4,8,4,8,1,1,14,34,15,35
2013,13752,Delaware,124,27,97,40,84,2,2,9,23,11,25,3,3,26,62,29,65
2013,13753,Delaware,906,190,716,251,655,28,31,72,110,100,141,34,48,304,695,338,743
2013,13754,Broome,942,163,779,357,585,23,30,48,77,71,107,24,49,154,252,178,301
2013,13755,Delaware,278,46,232,99,179,9,14,13,14,22,28,12,18,81,132,93,150
2013,13756,Delaware,124,30,94,44,80,4,4,5,9,9,13,4,6,28,40,32,46
2013,13757,Delaware,186,28,158,63,123,5,5,16,26,21,31,3,9,34,68,37,77
2013,13758,Chenango,12,6,6,1,11,0,0,0,0,0,0,3,5,0,0,3,5
2013,13760,Broome,10000,1608,8392,3535,6465,207,264,762,997,969,1261,303,593,2002,3848,2305,4441
2013,13761,Broome,77,20,57,18,59,4,7,7,16,11,23,2,3,17,46,19,49
2013,13762,Broome,5,4,1,1,4,0,0,0,0,0,0,1,1,0,0,1,1
2013,13763,Broome,21,4,17,8,13,1,1,1,3,2,4,1,2,5,10,6,12
2013,13774,Delaware,55,12,43,15,40,1,1,2,3,3,4,1,1,8,9,9,10
2013,13775,Delaware,273,54,219,88,185,8,9,15,18,23,27,10,30,42,77,52,107
2013,13776,Otsego,122,17,105,44,78,2,2,8,11,10,13,2,7,23,34,25,41
2013,13777,Broome,296,48,248,113,183,6,7,20,22,26,29,8,9,59,109,67,118
2013,13778,Chenango,1195,230,965,428,767,21,26,80,98,101,124,27,52,175,307,202,359
2013,13780,Chenango,187,36,151,61,126,4,4,14,22,18,26,9,16,45,87,54,103
2013,13782,Delaware,171,31,140,63,108,4,6,12,14,16,20,3,4,50,90,53,94
2013,13783,Delaware,658,122,536,228,430,15,15,30,38,45,53,15,24,128,203,143,227
2013,13784,Cortland,78,12,66,28,50,2,2,5,9,7,11,0,0,9,11,9,11
2013,13786,Delaware,77,11,66,22,55,3,4,7,7,10,11,2,3,17,27,19,30
2013,13787,Broome,1114,159,955,453,661,17,26,70,110,87,136,28,54,232,402,260,456
2013,13788,Delaware,288,56,232,100,188,6,6,23,30,29,36,8,14,74,157,82,171
2013,13790,Broome,5908,933,4975,2194,3714,120,145,453,562,573,707,198,523,1643,3681,1841,4204
2013,13794,Broome,19,4,15,3,16,0,0,3,6,3,6,0,0,5,10,5,10
2013,13795,Broome,977,149,828,368,609,22,29,67,78,89,107,27,48,205,368,232,416
2013,13796,Otsego,314,45,269,114,200,6,8,21,30,27,38,7,15,61,97,68,112
2013,13797,Broome,629,80,549,261,368,8,11,46,59,54,70,16,42,136,243,152,285
2013,13801,Chenango,423,71,352,150,273,4,4,27,39,31,43,12,19,79,139,91,158
2013,13802,Broome,150,22,128,47,103,4,5,10,13,14,18,3,6,29,55,32,61
2013,13803,Cortland,1037,173,864,384,653,23,31,56,75,79,106,27,54,197,342,224,396
2013,13804,Delaware,88,16,72,30,58,0,0,2,2,2,2,2,2,17,36,19,38
2013,13806,Delaware,49,11,38,10,39,3,3,1,1,4,4,0,0,11,19,11,19
2013,13807,Otsego,224,42,182,65,159,7,8,15,17,22,25,7,21,58,85,65,106
2013,13808,Otsego,420,77,343,139,281,10,12,27,29,37,41,14,25,85,129,99,154
2013,13809,Chenango,423,61,362,139,284,8,8,32,40,40,48,8,17,127,275,135,292
2013,13810,Otsego,213,49,164,53,160,4,7,16,20,20,27,3,4,34,62,37,66
2013,13811,Tioga,966,139,827,394,572,13,14,61,80,74,94,15,22,165,311,180,333
2013,13812,Tioga,544,80,464,216,328,10,12,37,47,47,59,3,4,90,149,93,153
2013,13813,Broome,261,44,217,107,154,4,5,20,25,24,30,6,12,53,123,59,135
2013,13814,Chenango,48,15,33,13,35,1,1,3,3,4,4,1,1,11,18,12,19
2013,13815,Chenango,4316,963,3353,1409,2907,123,167,256,342,379,509,216,504,1223,2883,1439,3387
2013,13820,Otsego,3960,928,3032,1130,2830,120,164,286,394,406,558,216,546,917,1852,1133,2398
2013,13825,Otsego,708,135,573,233,475,16,18,66,82,82,100,32,97,144,274,176,371
2013,13826,Broome,34,4,30,11,23,0,0,3,3,3,3,1,1,5,11,6,12
2013,13827,Tioga,2856,490,2366,1023,1833,71,100,202,258,273,358,56,101,435,722,491,823
2013,13830,Chenango,1294,321,973,423,871,37,45,76,95,113,140,42,90,298,684,340,774
2013,13832,Chenango,246,36,210,88,158,3,3,15,18,18,21,7,20,74,148,81,168
2013,13833,Broome,1057,174,883,374,683,20,27,70,84,90,111,27,46,212,364,239,410
2013,13834,Otsego,65,11,54,23,42,0,0,5,5,5,5,1,1,16,30,17,31
2013,13835,Tioga,433,64,369,165,268,8,11,38,44,46,55,13,37,79,133,92,170
2013,13837,Delaware,5,1,4,4,1,0,0,0,0,0,0,1,3,1,1,2,4
2013,13838,Delaware,1391,244,1147,508,883,32,54,94,129,126,183,67,183,461,1134,528,1317
2013,13839,Delaware,312,63,249,96,216,11,17,30,43,41,60,14,35,97,206,111,241
2013,13840,Tioga,8,2,6,2,6,1,1,2,2,3,3,0,0,0,0,0,0
2013,13841,Chenango,147,35,112,49,98,8,10,15,18,23,28,6,10,29,78,35,88
2013,13842,Delaware,190,18,172,34,156,4,5,26,35,30,40,4,7,60,140,64,147
2013,13843,Chenango,433,71,362,165,268,8,11,24,28,32,39,6,8,118,263,124,271
2013,13844,Chenango,233,42,191,80,153,5,5,9,14,14,19,8,12,76,164,84,176
2013,13845,Tioga,21,6,15,6,15,0,0,0,0,0,0,1,1,2,8,3,9
2013,13846,Delaware,81,14,67,33,48,1,1,7,8,8,9,3,16,18,31,21,47
2013,13847,Delaware,26,4,22,7,19,0,0,0,0,0,0,1,1,6,12,7,13
2013,13848,Broome,8,1,7,4,4,0,0,0,0,0,0,0,0,2,2,2,2
2013,13849,Otsego,1033,181,852,350,683,17,18,62,84,79,102,35,60,252,506,287,566
2013,13850,Broome,2562,483,2079,844,1718,65,82,169,218,234,300,61,129,351,621,412,750
2013,13851,Broome,24,6,18,3,21,0,0,3,7,3,7,2,5,4,11,6,16
2013,13856,Delaware,1885,378,1507,627,1258,54,69,152,208,206,277,93,198,600,1337,693,1535
2013,13859,Otsego,25,5,20,12,13,1,1,2,7,3,8,0,0,8,13,8,13
2013,13860,Delaware,30,9,21,8,22,1,2,1,1,2,3,1,1,6,11,7,12
2013,13861,Otsego,103,20,83,32,71,0,0,9,9,9,9,3,9,15,25,18,34
2013,13862,Broome,1132,200,932,442,690,20,23,92,108,112,131,25,44,199,337,224,381
2013,13863,Cortland,157,20,137,65,92,1,1,6,8,7,9,2,3,26,55,28,58
2013,13864,Tioga,261,37,224,109,152,4,4,18,19,22,23,1,1,41,84,42,85
2013,13865,Broome,1428,232,1196,553,875,23,29,105,140,128,169,29,40,272,505,301,545
2013,13901,Broome,6699,1223,5476,2275,4424,159,237,576,773,735,1010,282,667,1722,3757,2004,4424
2013,13902,Broome,696,172,524,86,610,17,18,43,85,60,103,38,85,137,299,175,384
2013,13903,Broome,5583,836,4747,2069,3514,91,115,473,582,564,697,176,433,1591,3033,1767,3466
2013,13904,Broome,2947,452,2495,986,1961,55,75,253,313,308,388,83,184,683,1281,766,1465
2013,13905,Broome,9218,1663,7555,2902,6316,260,353,766,1119,1026,1472,429,1280,2557,5755,2986,7035
2013,14001,Erie,1230,305,925,416,814,18,21,87,107,105,128,27,47,202,324,229,371
2013,14004,Erie,1495,248,1247,496,999,30,36,88,130,118,166,24,40,238,499,262,539
2013,14005,Genesee,259,35,224,90,169,8,8,26,37,34,45,8,9,69,135,77,144
2013,14006,Erie,1905,387,1518,667,1238,39,47,153,204,192,251,54,92,416,728,470,820
2013,14008,Niagara,296,32,264,110,186,4,5,34,43,38,48,6,9,66,113,72,122
2013,14009,Wyoming,1081,186,895,427,654,17,21,65,84,82,105,20,31,193,290,213,321
2013,14010,Erie,3,2,1,0,3,0,0,0,0,0,0,0,0,1,1,1,1
2013,14011,Wyoming,1650,201,1449,334,1316,16,20,83,111,99,131,24,36,223,428,247,464
2013,14012,Niagara,531,65,466,229,302,14,19,45,57,59,76,16,31,108,153,124,184
2013,14013,Genesee,370,50,320,168,202,17,28,40,46,57,74,9,36,87,141,96,177
2013,14020,Genesee,5655,1136,4519,1930,3725,144,187,461,676,605,863,189,407,1714,3945,1903,4352
2013,14021,Genesee,78,21,57,19,59,3,3,8,9,11,12,3,5,19,36,22,41
2013,14024,Wyoming,299,51,248,102,197,2,3,18,21,20,24,5,7,78,138,83,145
2013,14025,Erie,302,44,258,119,183,4,4,13,16,17,20,2,3,56,78,58,81
2013,14026,Erie,92,16,76,34,58,1,1,11,13,12,14,2,4,17,39,19,43
2013,14027,Erie,79,16,63,24,55,3,3,1,1,4,4,6,11,16,25,22,36
2013,14028,Niagara,185,21,164,69,116,5,6,14,19,19,25,0,0,40,71,40,71
2013,14029,Allegany,33,6,27,11,22,0,0,6,6,6,6,0,0,8,13,8,13
2013,14030,Erie,296,51,245,102,194,5,7,25,33,30,40,8,24,58,98,66,122
2013,14031,Erie,846,317,529,208,638,25,25,50,54,75,79,28,51,125,231,153,282
2013,14032,Erie,481,79,402,195,286,5,12,28,42,33,54,6,14,72,123,78,137
2013,14033,Erie,221,43,178,78,143,4,6,20,31,24,37,4,5,54,160,58,165
2013,14034,Erie,688,120,568,143,545,10,13,38,68,48,81,11,12,107,250,118,262
2013,14035,Erie,35,5,30,10,25,1,1,1,1,2,2,1,1,11,22,12,23
2013,14036,Genesee,622,124,498,193,429,12,17,49,66,61,83,16,32,136,244,152,276
2013,14037,Wyoming,133,29,104,42,91,1,2,2,9,3,11,3,16,29,43,32,59
2013,14038,Erie,2,0,2,1,1,0,0,0,0,0,0,0,0,1,1,1,1
2013,14039,Wyoming,21,10,11,3,18,0,0,0,0,0,0,1,2,3,3,4,5
2013,14040,Genesee,276,49,227,101,175,3,3,22,27,25,30,1,1,54,102,55,103
2013,14041,Cattaraugus,103,15,88,49,54,1,1,11,14,12,15,1,2,36,96,37,98
2013,14042,Cattaraugus,1197,221,976,432,765,22,30,84,113,106,143,49,94,272,528,321,622
2013,14043,Erie,3574,791,2783,1152,2422,68,91,251,362,319,453,101,177,781,1534,882,1711
2013,14047,Erie,969,256,713,287,682,32,41,56,81,88,122,37,80,172,333,209,413
2013,14048,Chautauqua,6241,1035,5206,2247,3994,122,152,522,730,644,882,72,116,2190,5080,2262,5196
2013,14051,Erie,1058,245,813,319,739,26,29,45,58,71,87,19,27,142,234,161,261
2013,14052,Erie,1357,371,986,396,961,50,63,83,112,133,175,39,73,244,451,283,524
2013,14054,Genesee,213,31,182,93,120,2,3,18,21,20,24,4,10,49,102,53,112
2013,14055,Erie,181,50,131,58,123,5,5,15,23,20,28,6,7,34,56,40,63
2013,14056,Genesee,46,11,35,14,32,1,1,1,1,2,2,1,2,10,29,11,31
2013,14057,Erie,891,187,704,285,606,19,23,85,124,104,147,28,46,167,338,195,384
2013,14058,Genesee,319,52,267,135,184,7,8,19,19,26,27,7,18,73,140,80,158
2013,14059,Erie,730,198,532,212,518,9,13,35,50,44,63,26,47,108,180,134,227
2013,14060,Cattaraugus,103,22,81,33,70,1,2,11,15,12,17,1,3,25,52,26,55
2013,14061,Erie,65,15,50,24,41,3,3,5,5,8,8,3,4,11,22,14,26
2013,14062,Chautauqua,649,144,505,208,441,21,30,46,62,67,92,8,34,181,307,189,341
2013,14063,Chautauqua,2037,409,1628,698,1339,39,53,119,162,158,215,35,52,534,1064,569,1116
2013,14065,Cattaraugus,369,59,310,160,209,4,4,35,37,39,41,6,9,86,121,92,130
2013,14066,Wyoming,164,25,139,57,107,3,6,17,21,20,27,1,1,34,55,35,56
2013,14067,Niagara,823,170,653,291,532,27,36,63,85,90,121,33,66,128,207,161,273
2013,14068,Erie,972,347,625,260,712,46,59,39,47,85,106,51,84,140,239,191,323
2013,14069,Erie,75,8,67,22,53,1,1,6,6,7,7,1,1,13,21,14,22
2013,14070,Cattaraugus,1603,322,1281,407,1196,55,82,129,187,184,269,55,105,376,806,431,911
2013,14072,Erie,1936,393,1543,657,1279,46,57,118,145,164,202,44,76,311,519,355,595
2013,14075,Erie,4762,1270,3492,1450,3312,115,145,342,460,457,605,155,303,949,1853,1104,2156
2013,14080,Erie,543,91,452,219,324,8,10,35,44,43,54,9,19,133,221,142,240
2013,14081,Erie,816,137,679,291,525,30,39,78,106,108,145,22,57,189,362,211,419
2013,14082,Wyoming,60,11,49,24,36,1,1,5,8,6,9,2,2,8,14,10,16
2013,14083,Wyoming,28,3,25,9,19,1,1,3,3,4,4,0,0,4,5,4,5
2013,14085,Erie,528,78,450,197,331,4,6,23,25,27,31,8,11,107,185,115,196
2013,14086,Erie,2767,671,2096,832,1935,56,60,158,219,214,279,68,148,447,802,515,950
2013,14091,Erie,318,45,273,131,187,7,7,26,33,33,40,8,15,78,127,86,142
2013,14092,Niagara,1193,433,760,299,894,48,57,63,80,111,137,51,80,157,271,208,351
2013,14094,Niagara,11385,1750,9635,4055,7330,330,445,1098,1536,1428,1981,338,626,2835,5000,3173,5626
2013,14095,Niagara,283,80,203,44,239,22,34,34,64,56,98,32,115,60,176,92,291
2013,14098,Orleans,615,105,510,219,396,16,18,34,42,50,60,10,28,129,194,139,222
2013,14101,Cattaraugus,555,106,449,211,344,25,28,32,41,57,69,18,46,113,182,131,228
2013,14102,Erie,108,14,94,38,70,1,1,0,0,1,1,2,2,19,55,21,57
2013,14103,Orleans,3228,589,2639,1128,2100,104,140,241,304,345,444,108,221,788,1576,896,1797
2013,14105,Niagara,784,120,664,277,507,16,19,66,81,82,100,17,25,151,324,168,349
2013,14107,Niagara,3,1,2,1,2,0,0,1,2,1,2,0,0,1,22,1,22
2013,14108,Niagara,1039,281,758,316,723,61,84,66,98,127,182,36,59,215,382,251,441
2013,14109,Niagara,4,1,3,0,4,0,0,0,0,0,0,0,0,0,0,0,0
2013,14110,Erie,6,3,3,1,5,0,0,0,0,0,0,1,1,2,5,3,6
2013,14111,Erie,565,78,487,237,328,11,16,39,48,50,64,11,33,104,183,115,216
2013,14112,Erie,16,3,13,3,13,0,0,4,4,4,4,1,1,7,15,8,16
2013,14113,Wyoming,101,18,83,39,62,2,2,5,5,7,7,1,1,20,28,21,29
2013,14120,Niagara,7078,1324,5754,2383,4695,169,226,553,733,722,959,212,528,1514,2828,1726,3356
2013,14125,Genesee,728,99,629,281,447,15,17,48,66,63,83,17,26,175,337,192,363
2013,14126,Niagara,199,27,172,80,119,7,11,15,20,22,31,3,7,59,114,62,121
2013,14127,Erie,1978,475,1503,632,1346,42,46,119,157,161,203,55,94,373,661,428,755
2013,14129,Cattaraugus,277,45,232,116,161,6,6,11,16,17,22,8,19,77,150,85,169
2013,14130,Wyoming,83,11,72,27,56,2,2,6,6,8,8,1,2,20,42,21,44
2013,14131,Niagara,921,176,745,297,624,47,67,76,120,123,187,59,125,187,379,246,504
2013,14132,Niagara,843,112,731,273,570,16,21,94,167,110,188,11,16,206,393,217,409
2013,14133,Cattaraugus,38,10,28,14,24,1,1,1,2,2,3,1,1,6,7,7,8
2013,14134,Erie,71,32,39,17,54,4,4,1,1,5,5,3,5,7,12,10,17
2013,14135,Chautauqua,63,17,46,22,41,2,3,7,12,9,15,2,6,12,25,14,31
2013,14136,Chautauqua,1209,179,1030,442,767,15,17,105,146,120,163,34,73,348,665,382,738
2013,14138,Cattaraugus,446,59,387,184,262,8,9,38,48,46,57,4,8,132,248,136,256
2013,14139,Erie,257,45,212,88,169,1,1,13,17,14,18,4,8,44,92,48,100
2013,14140,Erie,19,4,15,6,13,0,0,5,5,5,5,1,5,4,8,5,13
2013,14141,Erie,1392,309,1083,477,915,37,49,102,131,139,180,42,65,294,507,336,572
2013,14143,Genesee,202,41,161,68,134,5,6,17,17,22,23,4,18,47,97,51,115
2013,14144,Niagara,33,33,0,0,33,3,3,0,0,3,3,0,0,0,0,0,0
2013,14145,Wyoming,121,35,86,39,82,3,4,7,9,10,13,2,3,11,25,13,28
2013,14150,Erie,7061,1373,5688,2440,4621,148,186,499,676,647,862,224,517,1572,2885,1796,3402
2013,14151,Erie,30,5,25,9,21,0,0,3,3,3,3,0,0,12,22,12,22
2013,14166,Chautauqua,1,1,0,0,1,0,0,0,0,0,0,0,0,0,0,0,0
2013,14167,Wyoming,199,42,157,69,130,2,2,13,15,15,17,2,3,31,54,33,57
2013,14168,Cattaraugus,205,18,187,88,117,5,7,13,19,18,26,5,7,45,61,50,68
2013,14169,Erie,41,13,28,11,30,0,0,2,3,2,3,1,4,7,10,8,14
2013,14170,Erie,190,43,147,54,136,2,2,12,22,14,24,2,4,30,66,32,70
2013,14171,Cattaraugus,356,48,308,136,220,3,3,22,24,25,27,6,14,77,122,83,136
2013,14172,Niagara,479,77,402,161,318,8,11,34,42,42,53,13,20,87,115,100,135
2013,14173,Cattaraugus,152,23,129,48,104,1,3,10,10,11,13,3,8,34,60,37,68
2013,14174,Niagara,599,103,496,214,385,15,18,32,43,47,61,13,21,112,178,125,199
2013,14201,Erie,7205,1142,6063,2588,4617,185,261,593,812,778,1073,286,651,2227,4382,2513,5033
2013,14202,Erie,2988,661,2327,875,2113,139,199,291,450,430,649,192,787,821,2488,1013,3275
2013,14203,Erie,1476,442,1034,273,1203,75,103,170,304,245,407,117,362,464,1562,581,1924
2013,14204,Erie,5250,974,4276,1726,3524,134,170,452,610,586,780,256,569,1679,3462,1935,4031
2013,14205,Erie,153,25,128,41,112,2,2,15,27,17,29,7,30,44,121,51,151
2013,14206,Erie,7942,1154,6788,2941,5001,178,230,729,999,907,1229,246,621,2486,5216,2732,5837
2013,14207,Erie,15186,1567,13619,6113,9073,202,269,1379,1785,1581,2054,369,845,4587,8948,4956,9793
2013,14208,Erie,5447,852,4595,2028,3419,168,213,425,559,593,772,209,539,1746,3682,1955,4221
2013,14209,Erie,3021,731,2290,829,2192,91,128,262,411,353,539,128,266,889,1987,1017,2253
2013,14210,Erie,6745,904,5841,2550,4195,132,168,618,855,750,1023,209,453,2367,5066,2576,5519
2013,14211,Erie,14351,1614,12737,5730,8621,247,330,1356,1866,1603,2196,438,1008,5028,10342,5466,11350
2013,14212,Erie,6762,810,5952,2480,4282,137,175,684,927,821,1102,225,534,2137,4398,2362,4932
2013,14213,Erie,16571,1435,15136,6525,10046,215,262,1412,1859,1627,2121,318,714,4622,8812,4940,9526
2013,14214,Erie,5862,965,4897,1901,3961,148,201,461,664,609,865,247,583,1671,3646,1918,4229
2013,14215,Erie,21642,2408,19234,8965,12677,362,533,1767,2377,2129,2910,668,1600,7397,15314,8065,16914
2013,14216,Erie,5007,878,4129,1551,3456,103,135,438,616,541,751,166,367,1360,2957,1526,3324
2013,14217,Erie,4297,1047,3250,1246,3051,134,183,336,468,470,651,197,501,922,1904,1119,2405
2013,14218,Erie,7388,1082,6306,2794,4594,121,156,638,819,759,975,184,388,2304,4599,2488,4987
2013,14219,Erie,2129,365,1764,744,1385,42,52,161,214,203,266,54,132,528,1023,582,1155
2013,14220,Erie,6568,1030,5538,2422,4146,129,174,597,796,726,970,180,453,2060,4348,2240,4801
2013,14221,Erie,4554,1438,3116,1219,3335,153,186,218,308,371,494,170,332,606,1055,776,1387
2013,14222,Erie,1784,575,1209,218,1566,95,136,165,228,260,364,156,454,395,887,551,1341
2013,14223,Erie,3297,537,2760,1189,2108,55,67,279,347,334,414,79,194,705,1197,784,1391
2013,14224,Erie,4783,1315,3468,1349,3434,125,169,339,479,464,648,187,347,936,1863,1123,2210
2013,14225,Erie,7017,1213,5804,2553,4464,114,137,554,706,668,843,190,439,1780,3515,1970,3954
2013,14226,Erie,4337,690,3647,1542,2795,71,84,300,398,371,482,104,196,945,1819,1049,2015
2013,14227,Erie,3607,1075,2532,992,2615,132,174,265,367,397,541,212,493,776,1575,988,2068
2013,14228,Erie,3589,762,2827,1242,2347,96,116,230,275,326,391,100,192,697,1240,797,1432
2013,14231,Erie,401,275,126,16,385,27,37,9,24,36,61,76,163,51,130,127,293
2013,14233,Erie,1,0,1,0,1,0,0,0,0,0,0,0,0,1,2,1,2
2013,14240,Erie,233,41,192,92,141,7,10,21,30,28,40,14,20,68,161,82,181
2013,14260,Erie,4,0,4,0,4,0,0,0,0,0,0,0,0,0,0,0,0
2013,14261,Erie,31,1,30,1,30,0,0,2,2,2,2,0,0,6,7,6,7
2013,14264,Erie,1,0,1,0,1,0,0,1,4,1,4,0,0,1,4,1,4
2013,14265,Erie,1,0,1,0,1,0,0,0,0,0,0,0,0,0,0,0,0
2013,14267,Erie,21,0,21,16,5,0,0,2,4,2,4,0,0,10,23,10,23
2013,14269,Erie,4,0,4,2,2,0,0,0,0,0,0,0,0,0,0,0,0
2013,14272,Erie,1,1,0,0,1,0,0,0,0,0,0,0,0,0,0,0,0
2013,14301,Niagara,7024,1157,5867,2379,4645,217,303,737,1067,954,1370,357,813,2279,4785,2636,5598
2013,14302,Niagara,376,145,231,130,246,22,27,37,72,59,99,27,61,91,206,118,267
2013,14303,Niagara,3148,377,2771,1123,2025,66,90,296,425,362,515,107,305,1041,2193,1148,2498
2013,14304,Niagara,6361,1269,5092,1926,4435,140,166,488,697,628,863,215,422,1406,2625,1621,3047
2013,14305,Niagara,7448,991,6457,2883,4565,142,200,701,936,843,1136,298,697,2344,4549,2642,5246
2013,14410,Monroe,3,1,2,0,3,0,0,0,0,0,0,0,0,0,0,0,0
2013,14411,Orleans,4199,690,3509,1356,2843,87,104,310,440,397,544,109,203,867,1553,976,1756
2013,14413,Wayne,94,22,72,29,65,1,2,10,14,11,16,3,9,20,34,23,43
2013,14414,Livingston,1044,188,856,354,690,26,31,58,82,84,113,18,41,181,315,199,356
2013,14415,Yates,43,5,38,17,26,0,0,0,0,0,0,0,0,17,37,17,37
2013,14416,Genesee,496,92,404,168,328,13,14,43,60,56,74,14,26,120,211,134,237
2013,14418,Yates,245,47,198,82,163,5,7,12,13,17,20,8,15,40,71,48,86
2013,14420,Monroe,2803,500,2303,1015,1788,69,82,192,288,261,370,96,221,534,1105,630,1326
2013,14422,Genesee,338,43,295,131,207,6,8,34,50,40,58,5,7,79,154,84,161
2013,14423,Livingston,694,95,599,256,438,13,16,52,59,65,75,10,18,123,276,133,294
2013,14424,Ontario,5053,1052,4001,1595,3458,142,210,379,507,521,717,260,607,1368,2764,1628,3371
2013,14425,Ontario,1727,232,1495,690,1037,35,49,114,157,149,206,44,107,493,944,537,1051
2013,14427,Wyoming,398,82,316,124,274,11,12,34,40,45,52,8,22,78,160,86,182
2013,14428,Monroe,819,116,703,281,538,13,16,57,86,70,102,22,51,117,214,139,265
2013,14429,Orleans,13,3,10,6,7,0,0,0,0,0,0,0,0,0,0,0,0
2013,14430,Monroe,46,7,39,13,33,2,2,3,6,5,8,1,1,13,24,14,25
2013,14432,Ontario,1099,223,876,392,707,30,46,67,88,97,134,40,110,303,627,343,737
2013,14433,Wayne,1081,154,927,437,644,24,40,94,121,118,161,28,61,311,614,339,675
2013,14435,Livingston,447,53,394,160,287,6,10,29,40,35,50,4,6,109,187,113,193
2013,14437,Livingston,2381,369,2012,819,1562,35,43,161,194,196,237,82,172,705,1461,787,1633
2013,14441,Yates,100,15,85,44,56,0,0,7,7,7,7,5,10,28,53,33,63
2013,14445,Monroe,2123,488,1635,661,1462,60,83,153,203,213,286,76,156,366,738,442,894
2013,14449,Wayne,51,15,36,19,32,2,2,4,4,6,6,1,1,8,10,9,11
2013,14450,Monroe,3842,906,2936,1295,2547,97,130,224,290,321,420,108,218,491,846,599,1064
2013,14452,Orleans,12,3,9,2,10,1,1,2,3,3,4,1,5,3,7,4,12
2013,14453,Ontario,10,3,7,5,5,0,0,0,0,0,0,0,0,1,1,1,1
2013,14454,Livingston,1163,175,988,399,764,24,26,64,75,88,101,24,36,308,654,332,690
2013,14456,Ontario,5324,944,4380,1968,3356,158,203,362,480,520,683,236,494,1614,3318,1850,3812
2013,14461,Ontario,37,7,30,15,22,2,4,1,1,3,5,2,3,12,17,14,20
2013,14462,Livingston,116,16,100,46,70,1,1,12,14,13,15,2,9,29,70,31,79
2013,14463,Ontario,30,7,23,10,20,0,0,3,3,3,3,1,2,7,10,8,12
2013,14464,Monroe,1468,194,1274,623,845,22,24,107,129,129,153,43,115,275,562,318,677
2013,14466,Ontario,263,31,232,97,166,3,9,11,12,14,21,4,20,51,78,55,98
2013,14467,Monroe,1640,224,1416,626,1014,26,29,127,164,153,193,40,77,290,507,330,584
2013,14468,Monroe,2308,304,2004,901,1407,34,47,150,180,184,227,59,140,398,698,457,838
2013,14469,Ontario,855,139,716,312,543,22,27,56,73,78,100,22,56,199,354,221,410
2013,14470,Orleans,1651,248,1403,631,1020,22,32,135,176,157,208,41,84,330,641,371,725
2013,14471,Ontario,502,101,401,161,341,13,18,50,65,63,83,17,34,108,210,125,244
2013,14472,Monroe,539,89,450,191,348,6,12,34,41,40,53,9,22,78,135,87,157
2013,14475,Ontario,44,10,34,15,29,2,4,0,0,2,4,2,7,7,16,9,23
2013,14476,Orleans,436,51,385,191,245,4,6,43,56,47,62,11,19,82,118,93,137
2013,14477,Orleans,337,69,268,120,217,6,7,24,37,30,44,10,19,70,113,80,132
2013,14478,Yates,106,18,88,30,76,2,6,4,4,6,10,2,5,14,18,16,23
2013,14479,Orleans,44,6,38,17,27,2,3,2,3,4,6,0,0,14,31,14,31
2013,14480,Livingston,293,42,251,117,176,6,7,22,31,28,38,8,18,74,166,82,184
2013,14481,Livingston,298,33,265,109,189,2,2,27,36,29,38,2,2,92,172,94,174
2013,14482,Genesee,1349,308,1041,418,931,47,65,114,158,161,223,57,134,351,875,408,1009
2013,14485,Livingston,602,76,526,220,382,9,12,36,49,45,61,7,15,105,200,112,215
2013,14486,Livingston,36,2,34,17,19,0,0,4,11,4,11,0,0,8,17,8,17
2013,14487,Livingston,776,135,641,257,519,15,16,39,53,54,69,14,20,150,294,164,314
2013,14488,Livingston,3,1,2,0,3,0,0,0,0,0,0,0,0,0,0,0,0
2013,14489,Wayne,2045,368,1677,716,1329,58,81,190,266,248,347,76,201,578,1479,654,1680
2013,14502,Wayne,1228,212,1016,458,770,29,38,102,122,131,160,27,69,214,340,241,409
2013,14504,Ontario,336,55,281,120,216,4,4,23,25,27,29,11,17,90,177,101,194
2013,14505,Wayne,810,105,705,334,476,10,16,73,97,83,113,14,24,206,396,220,420
2013,14506,Monroe,38,9,29,10,28,0,0,0,0,0,0,0,0,3,5,3,5
2013,14507,Yates,256,39,217,97,159,9,11,16,22,25,33,7,13,58,115,65,128
2013,14508,Orleans,7,0,7,0,7,0,0,1,2,1,2,0,0,2,4,2,4
2013,14510,Livingston,2084,498,1586,625,1459,77,98,152,176,229,274,87,172,504,979,591,1151
2013,14511,Monroe,87,15,72,31,56,3,3,3,6,6,9,0,0,11,19,11,19
2013,14512,Ontario,941,160,781,342,599,18,24,44,51,62,75,28,56,186,321,214,377
2013,14513,Wayne,4135,1047,3088,1302,2833,154,197,289,414,443,611,265,583,1140,2429,1405,3012
2013,14514,Monroe,756,123,633,300,456,21,25,53,66,74,91,20,48,119,203,139,251
2013,14515,Monroe,21,4,17,8,13,1,1,1,2,2,3,1,1,5,7,6,8
2013,14516,Wayne,375,71,304,151,224,13,16,27,32,40,48,14,38,69,124,83,162
2013,14517,Livingston,698,111,587,248,450,12,18,45,76,57,94,19,43,181,359,200,402
2013,14518,Ontario,18,4,14,6,12,0,0,0,0,0,0,3,3,0,0,3,3
2013,14519,Wayne,1324,189,1135,542,782,13,16,82,97,95,113,18,35,225,372,243,407
2013,14520,Wayne,3,3,0,0,3,0,0,0,0,0,0,0,0,0,0,0,0
2013,14521,Seneca,664,91,573,249,415,11,14,43,58,54,72,18,29,169,266,187,295
2013,14522,Wayne,1734,290,1444,673,1061,39,48,131,169,170,217,63,146,455,889,518,1035
2013,14525,Genesee,433,79,354,154,279,6,7,24,32,30,39,9,13,89,162,98,175
2013,14526,Monroe,1495,315,1180,470,1025,40,46,95,116,135,162,36,99,184,305,220,404
2013,14527,Yates,2683,597,2086,903,1780,85,103,154,186,239,289,141,259,702,1399,843,1658
2013,14529,Steuben,17,5,12,3,14,1,1,0,0,1,1,0,0,2,3,2,3
2013,14530,Wyoming,1240,235,1005,457,783,13,16,103,127,116,143,28,49,272,554,300,603
2013,14532,Ontario,711,116,595,274,437,15,18,65,74,80,92,14,26,173,320,187,346
2013,14533,Livingston,279,18,261,126,153,2,4,23,25,25,29,0,0,60,117,60,117
2013,14534,Monroe,1214,325,889,307,907,42,50,53,80,95,130,30,49,118,184,148,233
2013,14536,Wyoming,176,31,145,70,106,4,6,13,22,17,28,9,12,42,95,51,107
2013,14537,Ontario,73,8,65,29,44,1,4,4,7,5,11,2,6,20,41,22,47
2013,14538,Wayne,9,2,7,3,6,0,0,0,0,0,0,0,0,0,0,0,0
2013,14539,Livingston,68,7,61,30,38,0,0,7,12,7,12,0,0,17,27,17,27
2013,14541,Seneca,713,64,649,218,495,6,8,39,47,45,55,9,11,122,295,131,306
2013,14542,Wayne,70,8,62,28,42,0,0,4,4,4,4,2,2,22,43,24,45
2013,14543,Monroe,208,38,170,66,142,4,6,10,13,14,19,3,3,39,52,42,55
2013,14544,Yates,379,57,322,161,218,6,8,31,41,37,49,9,16,81,136,90,152
2013,14545,Livingston,29,4,25,10,19,0,0,2,5,2,5,1,1,6,16,7,17
2013,14546,Monroe,589,79,510,233,356,10,12,40,50,50,62,13,22,103,171,116,193
2013,14547,Ontario,24,9,15,4,20,3,3,1,1,4,4,2,5,4,4,6,9
2013,14548,Ontario,869,143,726,330,539,18,25,46,56,64,81,31,80,255,529,286,609
2013,14549,Wyoming,23,5,18,9,14,0,0,1,1,1,1,0,0,3,5,3,5
2013,14550,Wyoming,338,68,270,94,244,8,13,27,30,35,43,8,8,57,117,65,125
2013,14551,Wayne,1529,286,1243,597,932,54,97,134,155,188,252,55,146,380,731,435,877
2013,14555,Wayne,181,30,151,65,116,6,6,16,19,22,25,6,14,42,98,48,112
2013,14556,Livingston,520,54,466,2,518,0,0,18,27,18,27,1,1,31,55,32,56
2013,14557,Genesee,28,5,23,12,16,1,3,5,5,6,8,0,0,12,17,12,17
2013,14558,Livingston,4,0,4,1,3,0,0,2,2,2,2,0,0,1,2,1,2
2013,14559,Monroe,1785,247,1538,655,1130,29,35,138,165,167,200,37,83,296,512,333,595
2013,14560,Ontario,462,57,405,175,287,4,4,32,39,36,43,12,15,109,197,121,212
2013,14561,Ontario,394,56,338,159,235,5,6,14,20,19,26,7,13,87,135,94,148
2013,14563,Wayne,6,2,4,3,3,1,1,1,1,2,2,1,1,0,0,1,1
2013,14564,Ontario,890,175,715,289,601,17,20,59,68,76,88,23,113,156,263,179,376
2013,14568,Wayne,522,70,452,208,314,9,11,42,48,51,59,9,12,91,166,100,178
2013,14569,Wyoming,1593,443,1150,511,1082,67,89,108,166,175,255,61,100,367,809,428,909
2013,14571,Orleans,280,49,231,102,178,5,6,16,18,21,24,7,9,53,115,60,124
2013,14572,Steuben,1209,220,989,421,788,23,28,86,116,109,144,45,91,287,580,332,671
2013,14580,Monroe,5433,1251,4182,1780,3653,128,159,323,430,451,589,147,350,746,1559,893,1909
2013,14585,Ontario,56,13,43,17,39,3,3,5,9,8,12,2,3,10,31,12,34
2013,14586,Monroe,1276,228,1048,463,813,20,27,89,118,109,145,25,60,194,407,219,467
2013,14588,Seneca,50,3,47,4,46,0,0,8,16,8,16,1,1,17,41,18,42
2013,14589,Wayne,1282,212,1070,493,789,24,37,109,144,133,181,43,143,274,533,317,676
2013,14590,Wayne,1449,250,1199,568,881,34,37,98,119,132,156,38,77,338,627,376,704
2013,14591,Wyoming,260,38,222,92,168,1,1,13,14,14,15,5,7,38,69,43,76
2013,14592,Livingston,43,3,40,22,21,1,1,6,7,7,8,1,8,8,20,9,28
2013,14602,Monroe,54,6,48,20,34,2,2,0,0,2,2,1,1,16,31,17,32
2013,14603,Monroe,302,79,223,73,229,11,12,15,21,26,33,18,36,80,156,98,192
2013,14604,Monroe,1741,598,1143,194,1547,119,188,194,400,313,588,197,748,494,1907,691,2655
2013,14605,Monroe,9588,1096,8492,3768,5820,184,258,911,1292,1095,1550,329,1052,3554,8291,3883,9343
2013,14606,Monroe,10649,1411,9238,4159,6490,187,244,972,1332,1159,1576,300,856,3013,6815,3313,7671
2013,14607,Monroe,3444,958,2486,555,2889,174,259,323,507,497,766,180,474,753,1746,933,2220
2013,14608,Monroe,8969,962,8007,3314,5655,181,259,851,1222,1032,1481,262,963,2859,6335,3121,7298
2013,14609,Monroe,17889,2295,15594,7194,10695,349,458,1547,2114,1896,2572,548,1391,5229,11730,5777,13121
2013,14610,Monroe,1641,558,1083,378,1263,81,95,111,155,192,250,83,178,234,492,317,670
2013,14611,Monroe,12523,1833,10690,4786,7737,293,404,1124,1560,1417,1964,477,1455,3838,8516,4315,9971
2013,14612,Monroe,5677,1275,4402,1793,3884,196,249,463,607,659,856,235,629,1106,2340,1341,2969
2013,14613,Monroe,9747,818,8929,4008,5739,139,205,872,1184,1011,1389,244,808,3086,6998,3330,7806
2013,14614,Monroe,256,48,208,28,228,5,7,39,124,44,131,13,31,64,266,77,297
2013,14615,Monroe,6226,622,5604,2497,3729,77,98,595,770,672,868,137,358,1730,3551,1867,3909
2013,14616,Monroe,6809,785,6024,2783,4026,92,130,510,667,602,797,177,506,1473,2912,1650,3418
2013,14617,Monroe,3096,545,2551,1015,2081,68,88,197,272,265,360,99,262,569,1147,668,1409
2013,14618,Monroe,2148,925,1223,452,1696,110,125,78,117,188,242,97,185,163,348,260,533
2013,14619,Monroe,6512,638,5874,2648,3864,107,152,583,800,690,952,144,338,1933,4116,2077,4454
2013,14620,Monroe,6994,2137,4857,1589,5405,399,522,548,853,947,1375,361,1023,1493,3396,1854,4419
2013,14621,Monroe,22563,3252,19311,8620,13943,524,714,1980,2793,2504,3507,868,2660,7647,17690,8515,20350
2013,14622,Monroe,2133,391,1742,712,1421,41,55,181,234,222,289,51,118,423,827,474,945
2013,14623,Monroe,3425,658,2767,1109,2316,87,111,261,341,348,452,107,257,493,1012,600,1269
2013,14624,Monroe,5166,916,4250,1811,3355,115,150,330,429,445,579,168,409,865,1624,1033,2033
2013,14625,Monroe,1013,220,793,293,720,24,32,63,91,87,123,28,53,165,302,193,355
2013,14626,Monroe,4633,913,3720,1600,3033,114,148,316,420,430,568,164,416,852,1692,1016,2108
2013,14627,Monroe,15,2,13,4,11,0,0,2,3,2,3,0,0,1,2,1,2
2013,14642,Monroe,33,10,23,6,27,1,1,12,20,13,21,4,17,11,25,15,42
2013,14643,Monroe,1,0,1,0,1,0,0,0,0,0,0,0,0,0,0,0,0
2013,14650,Monroe,1,1,0,0,1,0,0,0,0,0,0,0,0,0,0,0,0
2013,14651,Monroe,2,0,2,0,2,0,0,0,0,0,0,0,0,1,2,1,2
2013,14692,Monroe,243,168,75,27,216,24,30,9,19,33,49,37,60,19,45,56,105
2013,14694,Monroe,2,1,1,0,2,0,0,0,0,0,0,1,1,1,2,2,3
2013,14701,Chautauqua,16267,2830,13437,5784,10483,377,479,1435,1971,1812,2450,534,1041,5047,10537,5581,11578
2013,14702,Chautauqua,203,59,144,53,150,9,13,18,23,27,36,16,42,63,125,79,167
2013,14706,Cattaraugus,1071,230,841,356,715,29,34,75,102,104,136,38,60,264,475,302,535
2013,14707,Allegany,92,10,82,35,57,0,0,8,8,8,8,4,11,31,61,35,72
2013,14708,Allegany,32,4,28,10,22,2,3,0,0,2,3,4,28,7,15,11,43
2013,14709,Allegany,408,70,338,144,264,8,9,30,34,38,43,18,36,110,227,128,263
2013,14710,Chautauqua,649,122,527,210,439,17,23,42,57,59,80,19,36,115,231,134,267
2013,14711,Allegany,505,92,413,173,332,12,15,38,51,50,66,21,39,114,205,135,244
2013,14712,Chautauqua,487,102,385,162,325,7,8,37,41,44,49,17,54,109,187,126,241
2013,14714,Allegany,107,15,92,34,73,4,6,9,10,13,16,5,12,20,28,25,40
2013,14715,Allegany,1007,134,873,398,609,17,20,68,91,85,111,27,89,300,555,327,644
2013,14716,Chautauqua,935,147,788,266,669,13,18,52,65,65,83,26,64,227,409,253,473
2013,14717,Allegany,126,34,92,28,98,1,2,4,4,5,6,9,10,29,46,38,56
2013,14718,Chautauqua,443,68,375,157,286,7,7,26,45,33,52,8,13,120,237,128,250
2013,14719,Cattaraugus,694,135,559,244,450,11,15,37,54,48,69,11,18,177,330,188,348
2013,14720,Chautauqua,321,47,274,116,205,11,11,19,28,30,39,9,10,77,140,86,150
2013,14721,Allegany,92,17,75,40,52,2,2,12,13,14,15,4,7,25,37,29,44
2013,14722,Chautauqua,24,8,16,4,20,0,0,0,0,0,0,2,4,2,8,4,12
2013,14723,Chautauqua,320,46,274,120,200,4,4,22,26,26,30,5,12,83,176,88,188
2013,14724,Chautauqua,434,57,377,175,259,2,2,21,27,23,29,2,2,72,116,74,118
2013,14726,Cattaraugus,233,44,189,91,142,5,8,13,14,18,22,10,16,47,71,57,87
2013,14727,Allegany,1292,250,1042,443,849,30,36,91,112,121,148,57,108,272,483,329,591
2013,14728,Chautauqua,158,37,121,45,113,2,2,4,4,6,6,5,16,27,37,32,53
2013,14729,Cattaraugus,167,29,138,49,118,3,3,10,12,13,15,2,3,36,65,38,68
2013,14730,Cattaraugus,28,5,23,8,20,0,0,1,1,1,1,0,0,4,4,4,4
2013,14731,Cattaraugus,165,47,118,40,125,4,5,15,16,19,21,4,8,30,56,34,64
2013,14732,Chautauqua,56,9,47,22,34,1,1,2,3,3,4,1,1,13,27,14,28
2013,14733,Chautauqua,1056,196,860,406,650,22,30,75,94,97,124,27,37,256,489,283,526
2013,14735,Allegany,656,90,566,248,408,8,10,43,55,51,65,20,38,141,260,161,298
2013,14736,Chautauqua,89,17,72,30,59,2,2,2,3,4,5,2,7,15,24,17,31
2013,14737,Cattaraugus,1123,172,951,434,689,17,21,104,141,121,162,29,48,296,555,325,603
2013,14738,Chautauqua,704,136,568,249,455,15,22,48,62,63,84,16,26,161,265,177,291
2013,14739,Allegany,977,160,817,346,631,17,25,84,127,101,152,37,65,231,443,268,508
2013,14740,Chautauqua,254,77,177,67,187,7,12,9,13,16,25,11,19,50,76,61,95
2013,14741,Cattaraugus,355,68,287,119,236,7,7,17,20,24,27,12,20,64,107,76,127
2013,14742,Chautauqua,78,47,31,3,75,12,14,5,8,17,22,8,16,8,20,16,36
2013,14743,Cattaraugus,534,115,419,169,365,24,43,30,39,54,82,36,76,119,233,155,309
2013,14744,Allegany,179,60,119,43,136,11,12,10,13,21,25,10,19,33,55,43,74
2013,14745,Allegany,37,6,31,16,21,2,2,1,3,3,5,1,1,8,14,9,15
2013,14747,Chautauqua,546,98,448,198,348,14,17,39,44,53,61,7,12,117,198,124,210
2013,14748,Cattaraugus,292,32,260,129,163,7,12,30,33,37,45,9,18,90,152,99,170
2013,14750,Chautauqua,737,171,566,231,506,21,24,47,58,68,82,23,46,138,251,161,297
2013,14751,Cattaraugus,14,4,10,2,12,1,2,1,1,2,3,0,0,5,7,5,7
2013,14752,Chautauqua,41,14,27,11,30,1,1,0,0,1,1,1,1,5,14,6,15
2013,14753,Cattaraugus,265,55,210,94,171,6,7,24,47,30,54,2,4,74,151,76,155
2013,14754,Allegany,147,37,110,44,103,5,5,13,14,18,19,8,28,36,84,44,112
2013,14755,Cattaraugus,658,109,549,236,422,16,21,46,53,62,74,17,30,172,317,189,347
2013,14756,Chautauqua,9,1,8,0,9,0,0,1,2,1,2,0,0,3,27,3,27
2013,14757,Chautauqua,862,209,653,242,620,30,52,53,71,83,123,48,166,176,333,224,499
2013,14758,Chautauqua,1,0,1,0,1,0,0,0,0,0,0,0,0,0,0,0,0
2013,14760,Cattaraugus,6108,1324,4784,1974,4134,202,263,505,704,707,967,361,873,1819,4160,2180,5033
2013,14766,Cattaraugus,11,3,8,2,9,0,0,0,0,0,0,0,0,0,0,0,0
2013,14767,Chautauqua,453,76,377,174,279,4,4,29,54,33,58,10,21,83,158,93,179
2013,14769,Chautauqua,175,51,124,45,130,5,5,12,15,17,20,8,18,36,72,44,90
2013,14770,Cattaraugus,651,120,531,228,423,15,20,47,56,62,76,22,41,187,388,209,429
2013,14772,Cattaraugus,833,179,654,319,514,20,21,38,48,58,69,16,23,172,275,188,298
2013,14774,Allegany,125,14,111,49,76,3,4,8,8,11,12,2,2,36,65,38,67
2013,14775,Chautauqua,699,124,575,274,425,10,12,46,63,56,75,24,40,182,341,206,381
2013,14777,Allegany,171,24,147,68,103,3,4,19,22,22,26,6,9,33,48,39,57
2013,14778,Cattaraugus,23,20,3,0,23,1,1,0,0,1,1,0,0,0,0,0,0
2013,14779,Cattaraugus,2650,450,2200,1027,1623,72,87,252,338,324,425,99,210,710,1378,809,1588
2013,14781,Chautauqua,590,97,493,212,378,6,8,42,49,48,57,11,21,114,168,125,189
2013,14782,Chautauqua,714,103,611,283,431,9,10,40,50,49,60,8,12,190,318,198,330
2013,14783,Cattaraugus,169,32,137,62,107,3,11,11,13,14,24,6,11,22,42,28,53
2013,14784,Chautauqua,308,48,260,111,197,1,1,23,30,24,31,5,5,75,143,80,148
2013,14785,Chautauqua,38,5,33,11,27,1,1,1,2,2,3,1,1,5,8,6,9
2013,14786,Allegany,41,5,36,16,25,2,2,3,3,5,5,1,6,16,24,17,30
2013,14787,Chautauqua,1220,265,955,419,801,30,40,76,93,106,133,65,121,283,565,348,686
2013,14788,Cattaraugus,105,17,88,25,80,3,4,18,28,21,32,3,7,34,80,37,87
2013,14801,Steuben,1500,210,1290,572,928,37,52,131,178,168,230,39,78,381,724,420,802
2013,14802,Allegany,133,16,117,27,106,2,2,8,14,10,16,1,1,18,51,19,52
2013,14803,Allegany,243,26,217,89,154,4,6,23,29,27,35,4,11,69,124,73,135
2013,14804,Allegany,224,34,190,85,139,3,3,15,16,18,19,7,10,61,107,68,117
2013,14805,Schuyler,289,42,247,95,194,4,6,20,23,24,29,6,11,95,191,101,202
2013,14806,Allegany,545,82,463,211,334,13,20,37,41,50,61,24,62,131,220,155,282
2013,14807,Steuben,508,96,412,187,321,8,9,35,42,43,51,20,57,127,246,147,303
2013,14808,Steuben,196,25,171,78,118,0,0,16,18,16,18,7,14,58,86,65,100
2013,14809,Steuben,625,98,527,221,404,13,14,50,54,63,68,21,44,156,308,177,352
2013,14810,Steuben,4000,912,3088,1164,2836,110,159,331,482,441,641,228,613,1045,2261,1273,2874
2013,14812,Schuyler,906,107,799,346,560,12,14,51,58,63,72,28,62,225,394,253,456
2013,14813,Allegany,942,172,770,381,561,25,32,60,94,85,126,64,155,261,543,325,698
2013,14814,Chemung,210,30,180,88,122,5,7,16,23,21,30,8,18,28,43,36,61
2013,14815,Schuyler,229,32,197,81,148,2,2,19,30,21,32,11,24,66,154,77,178
2013,14816,Chemung,96,8,88,35,61,2,2,6,6,8,8,2,3,25,47,27,50
2013,14817,Tompkins,503,80,423,182,321,9,13,37,50,46,63,1,1,78,137,79,138
2013,14818,Schuyler,370,64,306,123,247,6,10,24,27,30,37,12,24,96,211,108,235
2013,14819,Steuben,284,43,241,100,184,5,7,22,29,27,36,10,22,91,220,101,242
2013,14820,Steuben,175,18,157,71,104,0,0,7,8,7,8,3,3,30,54,33,57
2013,14821,Steuben,768,103,665,288,480,8,11,58,76,66,87,19,28,180,328,199,356
2013,14822,Allegany,254,46,208,85,169,3,3,11,15,14,18,9,40,57,143,66,183
2013,14823,Steuben,1045,182,863,382,663,19,21,93,123,112,144,62,124,329,641,391,765
2013,14824,Schuyler,218,32,186,81,137,6,11,24,29,30,40,14,35,65,157,79,192
2013,14825,Chemung,186,25,161,79,107,3,3,10,13,13,16,2,3,34,53,36,56
2013,14826,Steuben,479,75,404,181,298,9,12,30,37,39,49,12,22,99,249,111,271
2013,14827,Steuben,41,6,35,14,27,0,0,4,6,4,6,0,0,5,10,5,10
2013,14830,Steuben,4297,750,3547,1456,2841,111,153,323,468,434,621,170,404,1003,2018,1173,2422
2013,14831,Steuben,3,0,3,2,1,0,0,0,0,0,0,0,0,0,0,0,0
2013,14836,Livingston,189,36,153,59,130,1,1,8,8,9,9,6,7,53,86,59,93
2013,14837,Yates,1296,225,1071,490,806,31,39,80,91,111,130,47,106,380,712,427,818
2013,14838,Chemung,405,63,342,143,262,7,11,22,26,29,37,4,8,97,169,101,177
2013,14839,Steuben,149,14,135,68,81,1,2,17,22,18,24,5,20,37,66,42,86
2013,14840,Steuben,508,84,424,170,338,11,11,20,31,31,42,13,38,109,177,122,215
2013,14841,Schuyler,193,28,165,66,127,3,3,9,11,12,14,3,3,47,70,50,73
2013,14842,Yates,119,21,98,49,70,1,1,5,5,6,6,6,9,24,40,30,49
2013,14843,Steuben,4392,839,3553,1503,2889,117,155,306,441,423,596,263,708,1447,3178,1710,3886
2013,14845,Chemung,3446,890,2556,1104,2342,170,217,254,368,424,585,179,404,691,1350,870,1754
2013,14846,Livingston,141,25,116,58,83,3,4,2,2,5,6,0,0,22,28,22,28
2013,14847,Seneca,467,91,376,172,295,12,16,21,29,33,45,9,55,80,119,89,174
2013,14850,Tompkins,8360,1362,6998,2707,5653,170,214,543,709,713,923,65,154,1403,2705,1468,2859
2013,14851,Tompkins,69,20,49,13,56,2,2,2,2,4,4,1,1,9,14,10,15
2013,14852,Tompkins,36,9,27,10,26,0,0,3,3,3,3,0,0,6,10,6,10
2013,14853,Tompkins,4,0,4,0,4,0,0,1,1,1,1,0,0,1,1,1,1
2013,14854,Tompkins,29,8,21,11,18,0,0,0,0,0,0,1,6,6,10,7,16
2013,14855,Steuben,163,19,144,62,101,2,3,13,15,15,18,1,1,28,51,29,52
2013,14856,Steuben,31,10,21,4,27,3,3,1,4,4,7,5,9,4,6,9,15
2013,14857,Yates,52,8,44,16,36,1,1,1,1,2,2,1,3,11,33,12,36
2013,14858,Steuben,320,41,279,110,210,4,4,30,47,34,51,6,9,66,111,72,120
2013,14859,Tioga,300,52,248,104,196,4,4,16,34,20,38,2,5,60,120,62,125
2013,14860,Seneca,176,32,144,58,118,4,4,12,14,16,18,4,5,27,35,31,40
2013,14861,Chemung,392,80,312,146,246,10,10,30,35,40,45,18,42,94,173,112,215
2013,14863,Schuyler,21,8,13,3,18,1,1,4,4,5,5,0,0,4,6,4,6
2013,14864,Chemung,424,81,343,142,282,6,7,37,49,43,56,13,34,123,230,136,264
2013,14865,Schuyler,937,268,669,260,677,51,80,78,112,129,192,95,276,273,558,368,834
2013,14867,Tompkins,1463,220,1243,543,920,20,24,102,126,122,150,14,34,301,576,315,610
2013,14869,Schuyler,369,61,308,126,243,5,8,20,30,25,38,17,52,116,257,133,309
2013,14870,Steuben,1504,334,1170,500,1004,52,69,133,169,185,238,59,158,315,701,374,859
2013,14871,Chemung,668,124,544,186,482,12,16,52,61,64,77,24,88,121,230,145,318
2013,14872,Chemung,194,37,157,67,127,3,4,14,22,17,26,7,16,55,115,62,131
2013,14873,Steuben,598,97,501,216,382,8,9,30,35,38,44,14,31,132,272,146,303
2013,14874,Steuben,56,13,43,19,37,1,1,5,5,6,6,3,3,10,13,13,16
2013,14876,Schuyler,34,10,24,13,21,0,0,1,1,1,1,0,0,9,13,9,13
2013,14877,Steuben,125,23,102,47,78,2,2,8,12,10,14,5,8,44,106,49,114
2013,14878,Schuyler,129,22,107,50,79,1,1,6,6,7,7,4,6,42,66,46,72
2013,14879,Steuben,558,90,468,205,353,8,11,40,72,48,83,20,41,139,295,159,336
2013,14880,Allegany,445,76,369,131,314,8,11,29,38,37,49,19,45,109,174,128,219
2013,14881,Tompkins,82,22,60,25,57,3,4,6,12,9,16,3,5,4,8,7,13
2013,14882,Tompkins,514,61,453,209,305,7,10,50,52,57,62,2,4,63,102,65,106
2013,14883,Tioga,899,133,766,330,569,13,14,72,103,85,117,5,6,162,284,167,290
2013,14884,Allegany,68,9,59,27,41,1,1,2,2,3,3,1,1,9,10,10,11
2013,14885,Steuben,208,35,173,91,117,3,4,15,19,18,23,6,10,39,59,45,69
2013,14886,Tompkins,1074,162,912,349,725,11,15,96,145,107,160,11,21,213,421,224,442
2013,14887,Schuyler,31,7,24,4,27,0,0,4,4,4,4,1,1,4,8,5,9
2013,14889,Chemung,408,55,353,177,231,5,5,27,33,32,38,4,5,89,143,93,148
2013,14891,Schuyler,1067,225,842,308,759,26,34,69,87,95,121,62,159,301,620,363,779
2013,14892,Tioga,2356,500,1856,843,1513,70,93,174,238,244,331,16,65,461,887,477,952
2013,14893,Schuyler,52,4,48,17,35,1,2,7,7,8,9,1,6,15,27,16,33
2013,14894,Chemung,418,68,350,136,282,8,11,37,50,45,61,17,27,128,251,145,278
2013,14895,Allegany,2731,619,2112,793,1938,96,124,237,354,333,478,190,480,839,1737,1029,2217
2013,14897,Allegany,238,35,203,91,147,4,5,13,16,17,21,9,14,57,96,66,110
2013,14898,Steuben,298,52,246,94,204,4,5,13,17,17,22,9,16,59,122,68,138
2013,14901,Chemung,8149,1502,6647,2687,5462,268,349,698,993,966,1342,427,1274,2549,6173,2976,7447
2013,14902,Chemung,320,125,195,48,272,33,41,27,47,60,88,48,111,59,178,107,289
2013,14903,Chemung,1771,335,1436,616,1155,44,55,124,167,168,222,78,216,488,1021,566,1237
2013,14904,Chemung,6577,950,5627,2465,4112,148,202,590,838,738,1040,295,747,2124,4595,2419,5342
2013,14905,Chemung,1902,275,1627,706,1196,40,53,178,238,218,291,78,209,546,1209,624,1418
2013,14925,Chemung,1,1,0,0,1,0,0,0,0,0,0,0,0,0,0,0,0
2014,06390,Suffolk,13,2,11,5,8,0,0,0,0,0,0,0,0,1,1,1,1
2014,10001,New York,10422,2477,7945,1078,9344,537,1072,1452,4460,1989,5532,613,1767,2568,9490,3181,11257
2014,10002,New York,57709,11209,46500,12686,45023,1675,2477,3050,4778,4725,7255,1115,1966,6665,13031,7780,14997
2014,10003,New York,5786,1223,4563,661,5125,207,321,534,1303,741,1624,165,357,1030,3140,1195,3497
2014,10004,New York,960,403,557,77,883,89,143,116,269,205,412,148,365,202,566,350,931
2014,10005,New York,1143,75,1068,115,1028,29,71,249,638,278,709,23,54,359,1197,382,1251
2014,10006,New York,190,14,176,39,151,2,4,13,23,15,27,3,3,32,52,35,55
2014,10007,New York,627,269,358,52,575,55,107,39,128,94,235,54,115,69,207,123,322
2014,10008,New York,80,18,62,9,71,3,3,2,2,5,5,1,2,21,35,22,37
2014,10009,New York,19767,4386,15381,4187,15580,780,1170,1422,2598,2202,3768,693,1273,4604,10315,5297,11588
2014,10010,New York,2902,668,2234,486,2416,110,160,209,406,319,566,106,176,494,1441,600,1617
2014,10011,New York,6309,1554,4755,934,5375,238,341,411,795,649,1136,261,569,1133,2662,1394,3231
2014,10012,New York,2990,735,2255,390,2600,104,145,138,297,242,442,60,78,313,822,373,900
2014,10013,New York,9927,2191,7736,1625,8302,276,371,470,900,746,1271,174,364,658,1564,832,1928
2014,10014,New York,2307,645,1662,205,2102,115,217,164,347,279,564,122,256,300,681,422,937
2014,10015,New York,12,3,9,1,11,0,0,1,1,1,1,0,0,1,1,1,1
2014,10016,New York,6493,1434,5059,968,5525,201,282,824,1940,1025,2222,249,494,1501,4472,1750,4966
2014,10017,New York,914,187,727,99,815,19,26,91,194,110,220,18,27,151,522,169,549
2014,10018,New York,2749,766,1983,230,2519,174,269,274,643,448,912,162,463,513,1392,675,1855
2014,10019,New York,7326,1823,5503,1339,5987,300,419,560,971,860,1390,328,568,1458,3573,1786,4141
2014,10020,New York,42,11,31,14,28,2,3,4,4,6,7,3,7,9,19,12,26
2014,10021,New York,2689,993,1696,248,2441,157,231,151,404,308,635,121,224,327,973,448,1197
2014,10022,New York,1691,420,1271,181,1510,62,75,118,195,180,270,74,153,241,553,315,706
2014,10023,New York,6569,1454,5115,948,5621,207,280,506,921,713,1201,235,497,1357,3189,1592,3686
2014,10024,New York,6486,2132,4354,970,5516,412,594,387,683,799,1277,333,621,1112,2410,1445,3031
2014,10025,New York,22633,5657,16976,4595,18038,1015,1496,1683,3053,2698,4549,1114,1978,5434,12533,6548,14511
2014,10026,New York,16775,2243,14532,4587,12188,406,624,1346,2155,1752,2779,485,1027,4690,9678,5175,10705
2014,10027,New York,27776,3685,24091,8040,19736,695,1094,2408,4374,3103,5468,840,1708,8278,18566,9118,20274
2014,10028,New York,2534,549,1985,335,2199,61,104,169,290,230,394,67,168,399,821,466,989
2014,10029,New York,46566,7340,39226,14238,32328,1335,2018,3920,6694,5255,8712,1671,3288,13649,29738,15320,33026
2014,10030,New York,16685,1959,14726,5138,11547,374,619,1515,2682,1889,3301,409,893,5096,10481,5505,11374
2014,10031,New York,32714,4804,27910,8963,23751,787,1162,2339,3420,3126,4582,987,1714,7778,15022,8765,16736
2014,10032,New York,36102,6575,29527,8915,27187,962,1376,2383,3723,3345,5099,1122,1906,8091,15532,9213,17438
2014,10033,New York,31971,5396,26575,7905,24066,743,1027,1945,2759,2688,3786,874,1341,6335,11531,7209,12872
2014,10034,New York,24027,3530,20497,6498,17529,528,711,1617,2173,2145,2884,648,978,5170,9026,5818,10004
2014,10035,New York,23620,3751,19869,6226,17394,769,1313,2642,5444,3411,6757,831,1910,6842,16105,7673,18015
2014,10036,New York,6971,1623,5348,935,6036,277,470,507,975,784,1445,318,658,1432,3380,1750,4038
2014,10037,New York,9862,1525,8337,2790,7072,352,589,982,1893,1334,2482,302,582,2892,6896,3194,7478
2014,10038,New York,9157,2578,6579,2095,7062,401,554,517,1059,918,1613,340,600,1589,3773,1929,4373
2014,10039,New York,16318,1813,14505,5381,10937,326,502,1525,2681,1851,3183,368,691,4814,9851,5182,10542
2014,10040,New York,25285,4540,20745,6254,19031,700,927,1478,2045,2178,2972,726,1179,4970,8821,5696,10000
2014,10041,New York,29,4,25,8,21,1,1,1,1,2,2,1,1,7,8,8,9
2014,10043,New York,11,0,11,3,8,0,0,3,5,3,5,0,0,4,6,4,6
2014,10044,New York,2472,749,1723,373,2099,149,227,229,446,378,673,91,157,337,680,428,837
2014,10045,New York,32,3,29,14,18,0,0,5,8,5,8,0,0,6,14,6,14
2014,10046,New York,9,2,7,3,6,1,1,0,0,1,1,0,0,1,1,1,1
2014,10047,New York,7,0,7,1,6,0,0,0,0,0,0,0,0,1,4,1,4
2014,10048,New York,9,1,8,4,5,1,2,1,1,2,3,1,6,0,0,1,6
2014,10055,New York,11,0,11,5,6,0,0,1,1,1,1,0,0,1,2,1,2
2014,10060,New York,8,0,8,2,6,0,0,3,5,3,5,0,0,2,4,2,4
2014,10065,New York,1294,292,1002,121,1173,38,52,88,179,126,231,34,82,211,581,245,663
2014,10069,New York,208,24,184,40,168,3,3,13,30,16,33,2,2,21,44,23,46
2014,10072,New York,3,2,1,0,3,0,0,0,0,0,0,0,0,0,0,0,0
2014,10075,New York,1374,475,899,169,1205,109,140,67,88,176,228,44,64,145,222,189,286
2014,10079,New York,2,0,2,0,2,0,0,0,0,0,0,0,0,0,0,0,0
2014,10081,New York,4,0,4,1,3,0,0,2,2,2,2,0,0,2,7,2,7
2014,10090,New York,3,0,3,1,2,0,0,1,1,1,1,0,0,2,2,2,2
2014,10095,New York,2,0,2,1,1,0,0,1,1,1,1,0,0,2,4,2,4
2014,10096,New York,8,1,7,2,6,0,0,0,0,0,0,0,0,2,4,2,4
2014,10098,New York,1,0,1,1,0,0,0,0,0,0,0,0,0,1,1,1,1
2014,10101,New York,120,27,93,16,104,3,3,7,23,10,26,9,12,26,63,35,75
2014,10104,New York,3,0,3,0,3,0,0,1,1,1,1,0,0,0,0,0,0
2014,10106,New York,1,0,1,0,1,0,0,0,0,0,0,0,0,1,1,1,1
2014,10107,New York,3,3,0,0,3,0,0,0,0,0,0,0,0,0,0,0,0
2014,10108,New York,138,49,89,7,131,9,11,8,14,17,25,14,32,25,50,39,82
2014,10110,New York,1,0,1,0,1,0,0,0,0,0,0,0,0,0,0,0,0
2014,10111,New York,2,1,1,0,2,0,0,0,0,0,0,0,0,0,0,0,0
2014,10112,New York,2,0,2,0,2,0,0,0,0,0,0,0,0,1,5,1,5
2014,10113,New York,110,23,87,4,106,3,3,7,24,10,27,3,4,20,69,23,73
2014,10115,New York,2,2,0,0,2,0,0,0,0,0,0,0,0,0,0,0,0
2014,10116,New York,425,115,310,35,390,23,32,31,55,54,87,24,51,87,258,111,309
2014,10118,New York,15,6,9,0,15,0,0,0,0,0,0,1,1,1,2,2,3
2014,10119,New York,6,1,5,2,4,0,0,1,1,1,1,0,0,1,1,1,1
2014,10120,New York,4,0,4,1,3,0,0,0,0,0,0,0,0,1,1,1,1
2014,10121,New York,1,0,1,0,1,0,0,0,0,0,0,0,0,0,0,0,0
2014,10122,New York,4,1,3,0,4,0,0,0,0,0,0,0,0,1,2,1,2
2014,10123,New York,12,0,12,7,5,0,0,5,5,5,5,0,0,5,16,5,16
2014,10124,New York,2,0,2,2,0,0,0,0,0,0,0,0,0,0,0,0,0
2014,10125,New York,1,0,1,0,1,0,0,1,1,1,1,0,0,0,0,0,0
2014,10126,New York,5,0,5,1,4,0,0,0,0,0,0,0,0,0,0,0,0
2014,10128,New York,6512,1351,5161,1218,5294,245,362,396,674,641,1036,235,483,1110,2441,1345,2924
2014,10129,New York,50,20,30,8,42,2,4,2,7,4,11,4,10,8,18,12,28
2014,10130,New York,2,0,2,0,2,0,0,1,1,1,1,0,0,1,4,1,4
2014,10131,New York,1,0,1,0,1,0,0,0,0,0,0,0,0,1,1,1,1
2014,10138,New York,297,186,111,2,295,51,102,31,91,82,193,48,172,58,234,106,406
2014,10150,New York,160,37,123,21,139,2,4,7,8,9,12,6,8,24,37,30,45
2014,10151,New York,1,1,0,0,1,0,0,0,0,0,0,0,0,0,0,0,0
2014,10153,New York,1,0,1,0,1,0,0,0,0,0,0,0,0,1,1,1,1
2014,10156,New York,74,24,50,10,64,2,2,3,3,5,5,5,7,18,80,23,87
2014,10157,New York,3,0,3,1,2,0,0,0,0,0,0,0,0,1,2,1,2
2014,10159,New York,97,33,64,7,90,4,4,11,27,15,31,6,15,19,49,25,64
2014,10161,New York,1,0,1,0,1,0,0,0,0,0,0,0,0,0,0,0,0
2014,10162,New York,42,9,33,5,37,2,5,4,10,6,15,1,5,6,28,7,33
2014,10163,New York,214,54,160,16,198,7,10,13,22,20,32,12,27,36,60,48,87
2014,10165,New York,12,7,5,2,10,2,2,2,2,4,4,3,4,2,6,5,10
2014,10166,New York,1,0,1,0,1,0,0,0,0,0,0,0,0,0,0,0,0
2014,10168,New York,6,1,5,0,6,0,0,3,3,3,3,0,0,1,1,1,1
2014,10169,New York,1,0,1,0,1,0,0,0,0,0,0,0,0,0,0,0,0
2014,10170,New York,1,0,1,0,1,0,0,0,0,0,0,0,0,0,0,0,0
2014,10174,New York,1,1,0,0,1,0,0,0,0,0,0,1,3,0,0,1,3
2014,10175,New York,5,2,3,1,4,2,2,2,2,4,4,0,0,0,0,0,0
2014,10176,New York,1,0,1,0,1,0,0,0,0,0,0,0,0,0,0,0,0
2014,10177,New York,2,0,2,0,2,0,0,0,0,0,0,0,0,0,0,0,0
2014,10179,New York,1,0,1,1,0,0,0,1,1,1,1,0,0,0,0,0,0
2014,10185,New York,49,20,29,2,47,4,6,3,7,7,13,2,6,10,42,12,48
2014,10199,New York,3,0,3,0,3,0,0,1,2,1,2,0,0,2,5,2,5
2014,10203,New York,14,1,13,8,6,0,0,3,7,3,7,0,0,5,10,5,10
2014,10212,New York,3,0,3,0,3,0,0,0,0,0,0,0,0,0,0,0,0
2014,10257,New York,1,0,1,0,1,0,0,0,0,0,0,0,0,1,1,1,1
2014,10268,New York,96,6,90,53,43,1,3,9,10,10,13,1,1,27,51,28,52
2014,10270,New York,1,0,1,0,1,0,0,1,4,1,4,0,0,1,21,1,21
2014,10271,New York,2,1,1,0,2,0,0,0,0,0,0,0,0,0,0,0,0
2014,10272,New York,228,106,122,15,213,21,31,22,51,43,82,42,83,56,142,98,225
2014,10274,New York,24,2,22,4,20,0,0,1,1,1,1,0,0,4,8,4,8
2014,10276,New York,1508,728,780,10,1498,215,370,210,509,425,879,199,573,353,1437,552,2010
2014,10277,New York,4,0,4,2,2,0,0,1,1,1,1,0,0,3,5,3,5
2014,10278,New York,2,0,2,0,2,0,0,0,0,0,0,0,0,0,0,0,0
2014,10279,New York,2,0,2,1,1,0,0,0,0,0,0,0,0,1,1,1,1
2014,10280,New York,550,89,461,112,438,7,18,33,40,40,58,8,21,53,87,61,108
2014,10281,New York,1,0,1,1,0,0,0,0,0,0,0,0,0,0,0,0,0
2014,10282,New York,247,51,196,51,196,6,9,10,11,16,20,3,4,27,37,30,41
2014,10301,Richmond,16342,2395,13947,5550,10792,532,812,1554,2675,2086,3487,626,1762,4317,8868,4943,10630
2014,10302,Richmond,8339,703,7636,3527,4812,133,193,825,1209,958,1402,170,416,2278,4379,2448,4795
2014,10303,Richmond,13555,1156,12399,5324,8231,205,304,1198,1846,1403,2150,286,611,3622,6868,3908,7479
2014,10304,Richmond,20658,2611,18047,7222,13436,497,691,1758,2886,2255,3577,437,1092,5001,9505,5438,10597
2014,10305,Richmond,14462,2277,12185,4073,10389,389,517,1287,2036,1676,2553,341,649,2913,5517,3254,6166
2014,10306,Richmond,13450,2372,11078,3511,9939,361,478,1115,1830,1476,2308,292,614,2505,4593,2797,5207
2014,10307,Richmond,2394,288,2106,710,1684,44,62,227,328,271,390,38,74,519,917,557,991
2014,10308,Richmond,4640,680,3960,1165,3475,95,140,358,619,453,759,79,160,793,1405,872,1565
2014,10309,Richmond,5680,813,4867,1582,4098,120,178,414,660,534,838,125,218,1038,1704,1163,1922
2014,10310,Richmond,10023,986,9037,4028,5995,165,230,941,1553,1106,1783,208,492,2889,5955,3097,6447
2014,10311,Richmond,5,0,5,0,5,0,0,0,0,0,0,0,0,2,3,2,3
2014,10312,Richmond,9988,1361,8627,2658,7330,170,241,767,1316,937,1557,149,262,1678,2899,1827,3161
2014,10313,Richmond,44,6,38,15,29,0,0,1,1,1,1,0,0,3,5,3,5
2014,10314,Richmond,22894,3611,19283,6473,16421,545,774,1586,2423,2131,3197,463,888,3767,6322,4230,7210
2014,10451,Bronx,35500,4179,31321,12075,23425,814,1338,3470,5703,4284,7041,889,1649,10015,20199,10904,21848
2014,10452,Bronx,61790,5846,55944,22046,39744,1088,1735,5603,8463,6691,10198,1156,1896,16306,30650,17462,32546
2014,10453,Bronx,66456,6041,60415,22798,43658,1153,1840,6016,9240,7169,11080,1201,2143,16875,31097,18076,33240
2014,10454,Bronx,32540,3642,28898,12147,20393,749,1200,3321,5354,4070,6554,754,1481,9422,18727,10176,20208
2014,10455,Bronx,33132,3519,29613,11958,21174,691,1205,3466,5895,4157,7100,784,1486,9554,19184,10338,20670
2014,10456,Bronx,74191,7356,66835,26476,47715,1754,2814,7407,11649,9161,14463,1420,2629,20402,39421,21822,42050
2014,10457,Bronx,62779,5540,57239,23297,39482,1182,1837,6318,10328,7500,12165,1137,2115,18208,36915,19345,39030
2014,10458,Bronx,57804,5233,52571,20957,36847,1026,1690,5546,8768,6572,10458,1006,1942,15698,31642,16704,33584
2014,10459,Bronx,37487,4163,33324,13100,24387,830,1313,3415,5459,4245,6772,748,1326,9350,17464,10098,18790
2014,10460,Bronx,43966,4656,39310,15768,28198,943,1477,3994,6282,4937,7759,896,1746,11722,22761,12618,24507
2014,10461,Bronx,19505,2564,16941,5817,13688,465,687,1715,2819,2180,3506,367,671,4901,10020,5268,10691
2014,10462,Bronx,41170,4387,36783,13359,27811,742,1065,3452,4886,4194,5951,699,1234,9847,17896,10546,19130
2014,10463,Bronx,28420,5081,23339,8037,20383,1021,1487,2143,3200,3164,4687,748,1347,6203,11024,6951,12371
2014,10464,Bronx,887,170,717,219,668,28,41,76,147,104,188,33,59,168,332,201,391
2014,10465,Bronx,12450,2130,10320,3732,8718,378,546,1009,1567,1387,2113,290,465,2711,5058,3001,5523
2014,10466,Bronx,36164,3544,32620,12433,23731,757,1225,3313,5121,4070,6346,770,1436,10846,21662,11616,23098
2014,10467,Bronx,62828,7380,55448,21435,41393,1593,2372,5827,8767,7420,11139,1420,2589,18222,35380,19642,37969
2014,10468,Bronx,55692,5493,50199,18801,36891,1004,1530,4664,6794,5668,8324,878,1468,13641,24812,14519,26280
2014,10469,Bronx,30642,4734,25908,9473,21169,1136,1731,2617,4014,3753,5745,702,1224,7394,13641,8096,14865
2014,10470,Bronx,6131,548,5583,2241,3890,116,177,548,882,664,1059,115,207,1696,3449,1811,3656
2014,10471,Bronx,4630,1802,2828,771,3859,356,544,317,537,673,1081,214,483,599,1152,813,1635
2014,10472,Bronx,47451,4807,42644,17531,29920,874,1331,4331,6272,5205,7603,828,1384,11896,21786,12724,23170
2014,10473,Bronx,33103,4360,28743,10654,22449,802,1202,2663,4243,3465,5445,754,1209,8051,15061,8805,16270
2014,10474,Bronx,9287,777,8510,3544,5743,141,236,906,1505,1047,1741,139,271,2211,4152,2350,4423
2014,10475,Bronx,11983,2405,9578,3138,8845,482,741,889,1438,1371,2179,321,511,2455,4781,2776,5292
2014,10501,Westchester,95,10,85,29,66,1,2,8,8,9,10,1,1,19,26,20,27
2014,10502,Westchester,460,89,371,91,369,6,7,16,34,22,41,14,24,62,119,76,143
2014,10503,Westchester,13,4,9,1,12,1,2,1,1,2,3,1,2,3,5,4,7
2014,10504,Westchester,376,97,279,70,306,6,7,11,16,17,23,18,27,40,59,58,86
2014,10505,Westchester,116,32,84,29,87,4,6,6,7,10,13,2,10,15,26,17,36
2014,10506,Westchester,241,30,211,73,168,3,3,16,32,19,35,4,4,31,108,35,112
2014,10507,Westchester,1683,139,1544,534,1149,17,23,183,237,200,260,21,45,286,459,307,504
2014,10509,Putnam,2644,533,2111,795,1849,72,93,208,282,280,375,59,125,443,744,502,869
2014,10510,Westchester,498,173,325,84,414,24,44,28,48,52,92,21,58,61,108,82,166
2014,10511,Westchester,395,48,347,152,243,8,12,31,35,39,47,10,32,102,171,112,203
2014,10512,Putnam,2968,506,2462,901,2067,71,91,223,401,294,492,84,158,607,1146,691,1304
2014,10514,Westchester,400,76,324,102,298,11,11,29,37,40,48,7,15,56,93,63,108
2014,10516,Putnam,447,75,372,120,327,8,9,33,47,41,56,13,42,67,114,80,156
2014,10517,Westchester,131,17,114,36,95,3,3,5,7,8,10,4,4,22,47,26,51
2014,10518,Westchester,61,7,54,17,44,0,0,4,11,4,11,1,1,7,11,8,12
2014,10519,Westchester,93,10,83,30,63,5,6,5,5,10,11,4,5,16,17,20,22
2014,10520,Westchester,1388,470,918,304,1084,91,122,85,138,176,260,78,134,202,381,280,515
2014,10521,Westchester,28,12,16,3,25,4,4,4,12,8,16,2,3,5,17,7,20
2014,10522,Westchester,1260,355,905,301,959,54,67,86,164,140,231,54,89,242,436,296,525
2014,10523,Westchester,2248,187,2061,785,1463,19,30,172,215,191,245,33,79,460,761,493,840
2014,10524,Putnam,533,125,408,92,441,20,22,55,103,75,125,26,54,115,263,141,317
2014,10526,Westchester,170,22,148,43,127,4,7,11,14,15,21,4,8,34,50,38,58
2014,10527,Westchester,47,12,35,8,39,1,6,0,0,1,6,4,12,5,5,9,17
2014,10528,Westchester,1317,199,1118,356,961,27,41,105,160,132,201,25,47,209,364,234,411
2014,10530,Westchester,1194,273,921,234,960,33,45,73,113,106,158,34,79,183,337,217,416
2014,10532,Westchester,618,236,382,139,479,42,60,49,94,91,154,52,112,101,208,153,320
2014,10533,Westchester,498,98,400,104,394,11,14,17,22,28,36,19,43,86,186,105,229
2014,10535,Westchester,209,14,195,84,125,3,4,15,23,18,27,4,7,54,108,58,115
2014,10536,Westchester,542,64,478,147,395,8,9,33,50,41,59,6,14,92,138,98,152
2014,10537,Putnam,401,41,360,120,281,7,9,53,97,60,106,11,27,103,175,114,202
2014,10538,Westchester,868,155,713,193,675,17,21,41,61,58,82,19,25,107,168,126,193
2014,10540,Westchester,90,11,79,40,50,0,0,1,2,1,2,2,8,22,42,24,50
2014,10541,Putnam,2383,300,2083,732,1651,35,47,196,260,231,307,37,71,486,819,523,890
2014,10542,Putnam,85,10,75,31,54,3,6,6,7,9,13,1,3,19,37,20,40
2014,10543,Westchester,3642,619,3023,1214,2428,97,129,276,372,373,501,82,166,601,964,683,1130
2014,10545,Westchester,243,235,8,1,242,28,30,1,1,29,31,16,22,3,5,19,27
2014,10546,Westchester,74,12,62,13,61,2,2,3,4,5,6,1,1,10,17,11,18
2014,10547,Westchester,1455,349,1106,396,1059,73,108,114,167,187,275,94,235,361,800,455,1035
2014,10548,Westchester,567,209,358,112,455,38,41,36,49,74,90,30,56,99,201,129,257
2014,10549,Westchester,3432,472,2960,1327,2105,52,76,342,429,394,505,90,154,740,1136,830,1290
2014,10550,Westchester,20451,2228,18223,6941,13510,390,602,1729,2632,2119,3234,428,808,5581,10744,6009,11552
2014,10551,Westchester,234,64,170,61,173,10,14,9,10,19,24,16,37,57,115,73,152
2014,10552,Westchester,4269,729,3540,1222,3047,111,154,314,470,425,624,102,174,930,1577,1032,1751
2014,10553,Westchester,3624,371,3253,1157,2467,57,101,315,504,372,605,66,107,920,1758,986,1865
2014,10557,Westchester,2,1,1,0,2,0,0,0,0,0,0,1,2,0,0,1,2
2014,10558,Westchester,2,0,2,1,1,0,0,0,0,0,0,0,0,0,0,0,0
2014,10560,Westchester,311,84,227,70,241,13,14,24,28,37,42,17,25,40,65,57,90
2014,10562,Westchester,7653,825,6828,3166,4487,107,155,702,915,809,1070,121,255,1764,3022,1885,3277
2014,10566,Westchester,8396,999,7397,3455,4941,188,261,845,1139,1033,1400,290,634,2571,4929,2861,5563
2014,10567,Westchester,1953,405,1548,532,1421,51,67,121,216,172,283,66,149,384,768,450,917
2014,10570,Westchester,917,129,788,289,628,19,29,85,127,104,156,17,27,176,296,193,323
2014,10571,Westchester,2,0,2,1,1,0,0,0,0,0,0,0,0,1,1,1,1
2014,10572,Westchester,2,1,1,1,1,1,1,1,1,2,2,0,0,1,2,1,2
2014,10573,Westchester,10584,1086,9498,4437,6147,115,163,986,1242,1101,1405,108,210,2104,3433,2212,3643
2014,10576,Westchester,172,26,146,27,145,0,0,8,19,8,19,3,3,26,44,29,47
2014,10577,Westchester,135,36,99,20,115,7,10,6,19,13,29,6,10,19,40,25,50
2014,10578,Westchester,299,206,93,32,267,29,39,6,10,35,49,17,30,26,46,43,76
2014,10579,Putnam,694,86,608,202,492,12,13,56,70,68,83,14,30,152,265,166,295
2014,10580,Westchester,718,127,591,192,526,11,12,40,62,51,74,10,20,83,127,93,147
2014,10583,Westchester,1989,444,1545,382,1607,74,89,90,150,164,239,65,120,212,330,277,450
2014,10587,Westchester,51,12,39,8,43,2,3,2,2,4,5,1,4,11,15,12,19
2014,10588,Westchester,321,50,271,93,228,10,14,20,22,30,36,6,22,67,115,73,137
2014,10589,Westchester,545,275,270,62,483,39,48,18,22,57,70,33,50,44,59,77,109
2014,10590,Westchester,340,51,289,69,271,7,8,22,28,29,36,6,9,45,83,51,92
2014,10591,Westchester,5333,805,4528,1768,3565,102,152,333,456,435,608,151,269,1217,2048,1368,2317
2014,10594,Westchester,440,78,362,102,338,8,8,28,59,36,67,11,24,79,143,90,167
2014,10595,Westchester,974,246,728,131,843,37,70,105,201,142,271,55,152,244,854,299,1006
2014,10596,Westchester,348,45,303,114,234,6,10,36,45,42,55,8,11,106,218,114,229
2014,10597,Westchester,33,5,28,4,29,0,0,5,7,5,7,1,1,7,9,8,10
2014,10598,Westchester,2100,438,1662,517,1583,63,87,112,177,175,264,75,144,344,557,419,701
2014,10601,Westchester,3558,548,3010,1190,2368,91,114,336,494,427,608,149,417,949,2179,1098,2596
2014,10602,Westchester,156,30,126,38,118,3,3,10,18,13,21,6,16,34,67,40,83
2014,10603,Westchester,4039,586,3453,1283,2756,65,81,320,477,385,558,120,315,896,1688,1016,2003
2014,10604,Westchester,2051,239,1812,681,1370,37,47,152,202,189,249,49,127,450,733,499,860
2014,10605,Westchester,2602,421,2181,760,1842,51,75,207,315,258,390,77,191,566,1009,643,1200
2014,10606,Westchester,5447,732,4715,1928,3519,91,121,452,599,543,720,140,280,1271,2084,1411,2364
2014,10607,Westchester,1599,197,1402,547,1052,27,38,128,177,155,215,44,125,319,549,363,674
2014,10610,Westchester,9,0,9,6,3,0,0,0,0,0,0,0,0,1,4,1,4
2014,10701,Westchester,33582,4041,29541,12539,21043,818,1216,3030,4430,3848,5646,942,2103,9604,18900,10546,21003
2014,10702,Westchester,410,72,338,80,330,11,22,58,136,69,158,20,59,139,405,159,464
2014,10703,Westchester,7698,1060,6638,2632,5066,243,370,613,938,856,1308,254,698,1979,3819,2233,4517
2014,10704,Westchester,6812,880,5932,2034,4778,118,164,559,917,677,1081,114,212,1371,2181,1485,2393
2014,10705,Westchester,19526,1958,17568,7178,12348,350,482,1593,2229,1943,2711,462,981,5413,10231,5875,11212
2014,10706,Westchester,821,250,571,141,680,48,70,37,60,85,130,31,55,124,221,155,276
2014,10707,Westchester,1237,190,1047,350,887,19,29,86,123,105,152,29,47,230,413,259,460
2014,10708,Westchester,1449,270,1179,313,1136,31,51,81,159,112,210,48,111,227,363,275,474
2014,10709,Westchester,797,175,622,183,614,23,36,41,59,64,95,24,53,113,185,137,238
2014,10710,Westchester,4546,804,3742,1199,3347,123,178,338,499,461,677,118,218,883,1522,1001,1740
2014,10801,Westchester,14748,2075,12673,5073,9675,362,598,1095,1601,1457,2199,376,722,3647,6620,4023,7342
2014,10802,Westchester,172,101,71,11,161,28,45,5,11,33,56,14,16,20,35,34,51
2014,10803,Westchester,1086,143,943,311,775,21,28,62,90,83,118,19,37,218,335,237,372
2014,10804,Westchester,760,211,549,149,611,15,20,43,67,58,87,19,25,81,145,100,170
2014,10805,Westchester,4831,1065,3766,1388,3443,222,333,303,441,525,774,155,293,940,1584,1095,1877
2014,10901,Rockland,3597,751,2846,1114,2483,93,122,268,371,361,493,117,216,562,1093,679,1309
2014,10910,Orange,9,2,7,3,6,0,0,0,0,0,0,0,0,1,1,1,1
2014,10911,Rockland,8,0,8,2,6,0,0,1,1,1,1,0,0,1,2,1,2
2014,10912,Orange,8,1,7,1,7,0,0,1,1,1,1,1,1,3,5,4,6
2014,10913,Rockland,545,177,368,92,453,27,32,49,77,76,109,28,54,95,195,123,249
2014,10914,Orange,80,11,69,23,57,0,0,4,5,4,5,1,3,12,16,13,19
2014,10915,Orange,122,17,105,45,77,5,5,8,9,13,14,1,4,22,32,23,36
2014,10916,Orange,551,165,386,121,430,35,53,29,44,64,97,46,95,66,119,112,214
2014,10917,Orange,314,20,294,150,164,2,2,21,30,23,32,3,47,57,99,60,146
2014,10918,Orange,1373,163,1210,436,937,23,28,102,135,125,163,25,35,237,396,262,431
2014,10919,Orange,160,30,130,42,118,2,3,8,8,10,11,4,7,24,43,28,50
2014,10920,Rockland,1299,225,1074,355,944,29,39,92,136,121,175,45,74,247,394,292,468
2014,10921,Orange,552,65,487,195,357,7,8,38,49,45,57,7,11,90,169,97,180
2014,10922,Orange,128,14,114,41,87,0,0,11,16,11,16,3,4,21,29,24,33
2014,10923,Rockland,2246,303,1943,738,1508,42,69,165,227,207,296,55,144,498,924,553,1068
2014,10924,Orange,2771,836,1935,858,1913,181,219,187,280,368,499,122,234,448,868,570,1102
2014,10925,Orange,832,108,724,217,615,18,28,73,115,91,143,19,29,179,312,198,341
2014,10926,Orange,609,66,543,198,411,11,11,44,63,55,74,5,11,83,173,88,184
2014,10927,Rockland,6913,962,5951,2550,4363,161,225,522,709,683,934,200,341,1595,2675,1795,3016
2014,10928,Orange,869,88,781,304,565,8,11,69,100,77,111,19,44,177,372,196,416
2014,10930,Orange,979,94,885,378,601,13,18,81,109,94,127,16,71,133,208,149,279
2014,10931,Rockland,251,13,238,96,155,3,5,19,29,22,34,0,0,55,90,55,90
2014,10932,Orange,35,5,30,10,25,0,0,1,3,1,3,0,0,4,4,4,4
2014,10933,Orange,56,12,44,11,45,2,2,7,8,9,10,1,1,8,15,9,16
2014,10940,Orange,16448,2346,14102,6234,10214,427,585,1303,1788,1730,2373,470,1134,3739,7290,4209,8424
2014,10941,Orange,3165,606,2559,952,2213,93,150,195,250,288,400,128,281,533,986,661,1267
2014,10943,Orange,3,0,3,0,3,0,0,0,0,0,0,0,0,1,2,1,2
2014,10949,Orange,83,29,54,24,59,0,0,5,6,5,6,1,1,23,40,24,41
2014,10950,Orange,25582,654,24928,15088,10494,85,115,2432,2692,2517,2807,74,129,1839,2447,1913,2576
2014,10952,Rockland,26747,999,25748,15068,11679,154,218,2669,3039,2823,3257,163,395,2221,3115,2384,3510
2014,10953,Orange,52,3,49,17,35,0,0,2,5,2,5,1,1,8,15,9,16
2014,10954,Rockland,4595,919,3676,1371,3224,141,190,360,509,501,699,160,280,841,1495,1001,1775
2014,10956,Rockland,3821,760,3061,980,2841,116,153,248,347,364,500,119,208,606,981,725,1189
2014,10958,Orange,500,66,434,161,339,10,13,35,43,45,56,9,25,95,154,104,179
2014,10959,Orange,8,1,7,2,6,0,0,0,0,0,0,0,0,0,0,0,0
2014,10960,Rockland,2825,381,2444,881,1944,58,73,241,297,299,370,99,160,676,1237,775,1397
2014,10962,Rockland,536,130,406,102,434,16,19,52,85,68,104,19,42,97,162,116,204
2014,10963,Orange,478,56,422,151,327,4,4,37,50,41,54,9,14,90,124,99,138
2014,10964,Rockland,84,14,70,17,67,2,2,3,6,5,8,3,5,10,15,13,20
2014,10965,Rockland,1366,196,1170,370,996,24,30,102,169,126,199,30,59,232,408,262,467
2014,10968,Rockland,199,16,183,56,143,1,2,14,17,15,19,1,2,38,61,39,63
2014,10969,Orange,194,13,181,84,110,3,3,11,20,14,23,2,2,35,49,37,51
2014,10970,Rockland,2511,443,2068,773,1738,64,113,212,285,276,398,64,100,482,849,546,949
2014,10973,Orange,322,47,275,88,234,8,9,26,36,34,45,4,9,73,143,77,152
2014,10974,Rockland,452,62,390,145,307,6,9,26,35,32,44,6,12,92,177,98,189
2014,10975,Orange,29,2,27,8,21,0,0,1,1,1,1,0,0,4,7,4,7
2014,10976,Rockland,405,230,175,67,338,32,37,17,22,49,59,32,53,39,68,71,121
2014,10977,Rockland,35809,1888,33921,18441,17368,282,376,3665,4274,3947,4650,324,680,5189,8024,5513,8704
2014,10979,Orange,36,6,30,13,23,1,1,2,2,3,3,1,2,4,5,5,7
2014,10980,Rockland,1898,255,1643,612,1286,38,52,157,234,195,286,47,93,406,730,453,823
2014,10981,Orange,73,9,64,18,55,0,0,0,0,0,0,1,1,11,18,12,19
2014,10982,Rockland,135,13,122,55,80,0,0,11,13,11,13,2,5,20,25,22,30
2014,10983,Rockland,515,71,444,140,375,5,6,40,48,45,54,9,14,70,108,79,122
2014,10984,Rockland,489,214,275,76,413,30,40,22,28,52,68,60,130,68,115,128,245
2014,10985,Orange,17,2,15,4,13,0,0,0,0,0,0,0,0,4,5,4,5
2014,10986,Rockland,259,32,227,68,191,7,8,20,29,27,37,5,8,43,111,48,119
2014,10987,Orange,221,23,198,60,161,1,1,22,32,23,33,1,1,34,48,35,49
2014,10988,Orange,161,8,153,61,100,0,0,14,20,14,20,0,0,36,72,36,72
2014,10989,Rockland,1262,386,876,301,961,70,89,82,132,152,221,53,83,195,385,248,468
2014,10990,Orange,2282,456,1826,615,1667,59,67,139,187,198,254,59,89,374,625,433,714
2014,10992,Orange,1132,187,945,330,802,24,28,79,109,103,137,26,64,198,359,224,423
2014,10993,Rockland,1712,251,1461,562,1150,25,38,133,177,158,215,40,73,343,556,383,629
2014,10994,Rockland,787,132,655,215,572,15,16,46,64,61,80,22,40,153,244,175,284
2014,10996,Orange,29,5,24,10,19,0,0,2,2,2,2,0,0,2,2,2,2
2014,10997,Orange,6,3,3,1,5,0,0,1,1,1,1,0,0,0,0,0,0
2014,10998,Orange,377,47,330,126,251,7,10,21,27,28,37,4,7,43,65,47,72
2014,11001,Nassau,4461,556,3905,1128,3333,63,88,287,418,350,506,47,72,663,976,710,1048
2014,11002,Queens,49,12,37,9,40,0,0,5,7,5,7,2,2,12,23,14,25
2014,11003,Nassau,13980,1412,12568,4144,9836,219,293,1091,1584,1310,1877,184,305,2615,4191,2799,4496
2014,11004,Queens,3498,502,2996,758,2740,89,112,224,323,313,435,51,84,477,777,528,861
2014,11005,Queens,55,32,23,1,54,3,8,2,5,5,13,2,3,3,5,5,8
2014,11010,Nassau,3469,710,2759,776,2693,102,132,227,371,329,503,74,135,520,866,594,1001
2014,11020,Nassau,1037,136,901,300,737,12,13,68,89,80,102,10,18,198,343,208,361
2014,11021,Nassau,2536,827,1709,458,2078,111,133,107,165,218,298,94,174,262,421,356,595
2014,11022,Nassau,25,2,23,1,24,0,0,4,11,4,11,1,2,5,5,6,7
2014,11023,Nassau,1428,338,1090,345,1083,55,71,82,129,137,200,53,75,176,261,229,336
2014,11024,Nassau,1154,221,933,301,853,38,43,61,81,99,124,28,46,205,319,233,365
2014,11025,Nassau,1,1,0,0,1,0,0,0,0,0,0,0,0,0,0,0,0
2014,11026,Nassau,8,0,8,1,7,0,0,0,0,0,0,0,0,4,5,4,5
2014,11027,Nassau,8,2,6,0,8,0,0,0,0,0,0,0,0,1,2,1,2
2014,11030,Nassau,999,275,724,156,843,42,65,44,81,86,146,40,71,116,189,156,260
2014,11040,Nassau,6463,1293,5170,1296,5167,168,227,352,633,520,860,113,172,743,1252,856,1424
2014,11042,Nassau,53,25,28,9,44,8,11,3,3,11,14,5,14,7,8,12,22
2014,11043,Nassau,1,1,0,0,1,1,1,0,0,1,1,0,0,0,0,0,0
2014,11050,Nassau,4122,636,3486,1164,2958,83,107,330,450,413,557,68,136,761,1185,829,1321
2014,11051,Nassau,3,1,2,0,3,0,0,1,1,1,1,0,0,1,1,1,1
2014,11052,Nassau,2,0,2,1,1,0,0,0,0,0,0,0,0,0,0,0,0
2014,11053,Nassau,2,0,2,0,2,0,0,0,0,0,0,0,0,1,2,1,2
2014,11054,Nassau,1,0,1,0,1,0,0,0,0,0,0,0,0,0,0,0,0
2014,11096,Nassau,4243,448,3795,1576,2667,63,87,364,495,427,582,66,103,878,1496,944,1599
2014,11101,Queens,13822,1611,12211,3769,10053,252,411,1017,1548,1269,1959,280,700,3149,5662,3429,6362
2014,11102,Queens,14680,1804,12876,4428,10252,366,499,954,1463,1320,1962,296,513,3266,6133,3562,6646
2014,11103,Queens,12718,1176,11542,3522,9196,153,214,803,1141,956,1355,114,155,2136,3499,2250,3654
2014,11104,Queens,10472,1196,9276,2797,7675,161,199,639,831,800,1030,116,178,1648,2666,1764,2844
2014,11105,Queens,10859,1484,9375,2611,8248,192,248,655,997,847,1245,176,257,1741,2802,1917,3059
2014,11106,Queens,16079,2114,13965,4545,11534,336,508,1153,1744,1489,2252,313,648,3183,5578,3496,6226
2014,11109,Queens,215,15,200,37,178,1,1,13,20,14,21,0,0,24,29,24,29
2014,11120,Queens,30,1,29,12,18,1,1,3,5,4,6,0,0,5,8,5,8
2014,11201,Kings,12075,2501,9574,2437,9638,541,852,939,1798,1480,2650,452,829,2559,6173,3011,7002
2014,11202,Kings,563,118,445,115,448,19,26,35,67,54,93,32,69,113,264,145,333
2014,11203,Kings,35122,4251,30871,10723,24399,817,1349,3025,4629,3842,5978,659,1349,7670,14553,8329,15902
2014,11204,Kings,50085,5658,44427,17040,33045,745,1037,3266,4055,4011,5092,523,731,4666,7017,5189,7748
2014,11205,Kings,23969,2034,21935,10448,13521,397,634,2035,2942,2432,3576,357,728,4342,8618,4699,9346
2014,11206,Kings,56182,6232,49950,21761,34421,1005,1627,4572,6820,5577,8447,873,1600,11973,24356,12846,25956
2014,11207,Kings,61681,6153,55528,21457,40224,1172,1815,5427,9204,6599,11019,1200,2325,16581,33648,17781,35973
2014,11208,Kings,65270,5563,59707,22195,43075,949,1550,5511,8530,6460,10080,995,1973,15728,29985,16723,31958
2014,11209,Kings,23843,3263,20580,6868,16975,474,622,1784,2468,2258,3090,362,572,3369,5363,3731,5935
2014,11210,Kings,27147,2648,24499,9034,18113,418,606,2162,3095,2580,3701,329,552,5043,8603,5372,9155
2014,11211,Kings,40686,4294,36392,16537,24149,733,1115,3423,4734,4156,5849,500,829,5094,8943,5594,9772
2014,11212,Kings,59890,6067,53823,21711,38179,1138,1841,5367,8728,6505,10569,1209,2393,16431,33362,17640,35755
2014,11213,Kings,38317,3988,34329,12949,25368,789,1204,3425,5398,4214,6602,707,1380,8199,16015,8906,17395
2014,11214,Kings,51149,8158,42991,13746,37403,1255,1678,3059,4136,4314,5814,772,1202,5276,8218,6048,9420
2014,11215,Kings,9251,1589,7662,2104,7147,300,478,697,1212,997,1690,229,456,1665,3386,1894,3842
2014,11216,Kings,24466,2779,21687,6632,17834,551,953,2118,3879,2669,4832,477,996,5880,12157,6357,13153
2014,11217,Kings,10036,2222,7814,2090,7946,503,801,863,1604,1366,2405,472,960,2304,4857,2776,5817
2014,11218,Kings,43501,3740,39761,16064,27437,676,998,3157,4070,3833,5068,524,830,6717,10555,7241,11385
2014,11219,Kings,78280,5481,72799,33488,44792,830,1203,6184,7363,7014,8566,649,974,7550,11380,8199,12354
2014,11220,Kings,95907,6720,89187,31316,64591,1032,1484,7332,9113,8364,10597,835,1286,11486,18279,12321,19565
2014,11221,Kings,45254,5071,40183,14587,30667,978,1538,3950,6669,4928,8207,942,1664,12302,26034,13244,27698
2014,11222,Kings,8606,1289,7317,1728,6878,207,314,626,1059,833,1373,139,242,1223,2576,1362,2818
2014,11223,Kings,42171,6383,35788,12311,29860,1023,1417,2726,3779,3749,5196,648,1037,5133,8623,5781,9660
2014,11224,Kings,28850,8248,20602,7083,21767,1668,2365,1943,3219,3611,5584,948,1503,4999,9394,5947,10897
2014,11225,Kings,26993,3040,23953,8247,18746,488,862,2248,3372,2736,4234,477,788,5544,10107,6021,10895
2014,11226,Kings,58825,6162,52663,19582,39243,1093,1700,4758,6837,5851,8537,922,1595,12882,23265,13804,24860
2014,11228,Kings,17037,2199,14838,4698,12339,304,412,986,1346,1290,1758,232,386,1816,2881,2048,3267
2014,11229,Kings,36633,6380,30253,9485,27148,1026,1377,2247,3180,3273,4557,507,729,4227,7024,4734,7753
2014,11230,Kings,46962,6353,40609,15798,31164,1161,1579,3380,4323,4541,5902,688,1048,5943,9136,6631,10184
2014,11231,Kings,9332,1464,7868,2686,6646,291,433,778,1280,1069,1713,290,458,2199,4344,2489,4802
2014,11232,Kings,15774,1196,14578,5762,10012,179,256,1213,1616,1392,1872,194,336,2856,4905,3050,5241
2014,11233,Kings,39571,4087,35484,13347,26224,859,1451,3785,6870,4644,8321,769,1522,10937,23316,11706,24838
2014,11234,Kings,27661,3447,24214,8247,19414,554,819,2114,2989,2668,3808,421,644,4882,8190,5303,8834
2014,11235,Kings,41849,10019,31830,9654,32195,1866,2426,2791,4000,4657,6426,884,1270,5050,8645,5934,9915
2014,11236,Kings,41767,4882,36885,12795,28972,980,1538,3316,4960,4296,6498,797,1312,8341,14839,9138,16151
2014,11237,Kings,27971,2599,25372,10517,17454,420,648,2491,3575,2911,4223,497,993,7480,14814,7977,15807
2014,11238,Kings,14623,2362,12261,3502,11121,465,733,1116,1902,1581,2635,388,689,3195,6392,3583,7081
2014,11239,Kings,7914,2967,4947,1551,6363,598,801,404,703,1002,1504,391,627,1193,2320,1584,2947
2014,11240,Kings,11,4,7,3,8,0,0,0,0,0,0,0,0,1,1,1,1
2014,11241,Kings,21,3,18,7,14,0,0,0,0,0,0,0,0,0,0,0,0
2014,11242,Kings,28,2,26,14,14,0,0,1,5,1,5,0,0,5,7,5,7
2014,11243,Kings,20,2,18,2,18,0,0,1,5,1,5,1,1,5,17,6,18
2014,11244,Kings,29,0,29,16,13,0,0,3,3,3,3,0,0,4,5,4,5
2014,11245,Kings,12,0,12,3,9,0,0,0,0,0,0,0,0,2,4,2,4
2014,11247,Kings,165,44,121,24,141,11,17,11,16,22,33,15,28,33,98,48,126
2014,11248,Kings,4,0,4,0,4,0,0,2,2,2,2,0,0,0,0,0,0
2014,11249,Kings,8969,985,7984,3726,5243,147,223,728,964,875,1187,128,301,1061,1801,1189,2102
2014,11251,Kings,2,0,2,0,2,0,0,0,0,0,0,0,0,0,0,0,0
2014,11252,Kings,41,5,36,2,39,2,4,20,43,22,47,2,6,14,34,16,40
2014,11254,Kings,1,0,1,0,1,0,0,0,0,0,0,0,0,0,0,0,0
2014,11255,Kings,23,1,22,6,17,0,0,1,30,1,30,0,0,3,23,3,23
2014,11256,Kings,5,1,4,0,5,0,0,0,0,0,0,0,0,1,2,1,2
2014,11351,Queens,471,202,269,2,469,42,52,63,108,105,160,79,182,131,347,210,529
2014,11352,Queens,493,77,416,78,415,12,21,16,24,28,45,11,28,55,91,66,119
2014,11354,Queens,33239,5370,27869,6085,27154,853,1169,1841,2594,2694,3763,567,1148,3226,5315,3793,6463
2014,11355,Queens,68924,6909,62015,14552,54372,889,1197,3896,5196,4785,6393,688,1254,6625,10481,7313,11735
2014,11356,Queens,12129,1082,11047,3618,8511,121,162,915,1225,1036,1387,130,206,2064,3354,2194,3560
2014,11357,Queens,8876,1646,7230,1954,6922,282,430,528,874,810,1304,210,447,1088,2177,1298,2624
2014,11358,Queens,13435,1634,11801,3175,10260,187,253,746,1042,933,1295,137,246,1551,2508,1688,2754
2014,11359,Queens,35,4,31,9,26,0,0,3,5,3,5,0,0,4,7,4,7
2014,11360,Queens,3260,771,2489,702,2558,84,102,178,276,262,378,55,78,338,529,393,607
2014,11361,Queens,8545,1398,7147,1902,6643,170,212,429,694,599,906,109,153,875,1325,984,1478
2014,11362,Queens,3880,681,3199,852,3028,70,83,173,266,243,349,40,56,345,523,385,579
2014,11363,Queens,1257,178,1079,267,990,19,26,67,97,86,123,14,23,124,181,138,204
2014,11364,Queens,10539,1621,8918,2266,8273,163,216,423,670,586,886,138,233,906,1467,1044,1700
2014,11365,Queens,17441,2297,15144,4555,12886,265,335,954,1328,1219,1663,247,371,2363,3930,2610,4301
2014,11366,Queens,4857,796,4061,1225,3632,127,175,247,429,374,604,88,135,660,1121,748,1256
2014,11367,Queens,18384,2272,16112,5477,12907,326,457,1256,1712,1582,2169,299,518,2998,5215,3297,5733
2014,11368,Queens,70947,5545,65402,29539,41408,870,1206,6208,7975,7078,9181,728,1130,16603,29432,17331,30562
2014,11369,Queens,21370,1889,19481,7563,13807,326,490,1658,2139,1984,2629,270,487,4994,8791,5264,9278
2014,11370,Queens,17434,1371,16063,4469,12965,191,253,1387,2297,1578,2550,151,242,3283,6031,3434,6273
2014,11371,Queens,37,1,36,10,27,1,2,6,7,7,9,1,1,7,9,8,10
2014,11372,Queens,35522,3677,31845,11111,24411,451,682,2565,3382,3016,4064,371,561,7750,13807,8121,14368
2014,11373,Queens,61696,5635,56061,18976,42720,725,1035,4345,5781,5070,6816,555,1028,10953,19706,11508,20734
2014,11374,Queens,17755,3602,14153,3963,13792,591,796,1083,1493,1674,2289,403,653,2241,3599,2644,4252
2014,11375,Queens,16855,3668,13187,3534,13321,571,759,999,1364,1570,2123,430,665,2113,3267,2543,3932
2014,11377,Queens,46097,4231,41866,13821,32276,548,739,3107,4045,3655,4784,442,701,8526,14522,8968,15223
2014,11378,Queens,11999,1206,10793,3780,8219,193,271,851,1270,1044,1541,154,256,2099,3610,2253,3866
2014,11379,Queens,8526,1469,7057,2124,6402,280,374,562,879,842,1253,131,199,1260,2116,1391,2315
2014,11380,Queens,65,16,49,13,52,1,2,2,3,3,5,3,9,7,12,10,21
2014,11381,Queens,10,0,10,6,4,0,0,0,0,0,0,0,0,2,3,2,3
2014,11385,Queens,43414,3865,39549,14328,29086,531,720,3451,4675,3982,5395,493,777,9148,16138,9641,16915
2014,11386,Queens,205,56,149,38,167,9,13,16,50,25,63,8,10,48,123,56,133
2014,11390,Queens,6,1,5,2,4,0,0,0,0,0,0,0,0,2,3,2,3
2014,11405,Queens,5,1,4,1,4,0,0,0,0,0,0,0,0,0,0,0,0
2014,11411,Queens,5988,675,5313,1686,4302,91,163,491,739,582,902,92,146,1247,2184,1339,2330
2014,11412,Queens,14062,1384,12678,4468,9594,222,347,1179,1866,1401,2213,213,389,3200,5728,3413,6117
2014,11413,Queens,14068,1286,12782,4444,9624,201,311,1198,2038,1399,2349,194,348,3113,5606,3307,5954
2014,11414,Queens,5317,840,4477,1441,3876,110,151,360,574,470,725,109,194,894,1547,1003,1741
2014,11415,Queens,6633,1004,5629,1694,4939,153,209,466,702,619,911,142,253,1112,1890,1254,2143
2014,11416,Queens,15843,1138,14705,5060,10783,192,275,1158,1583,1350,1858,194,424,3307,5647,3501,6071
2014,11417,Queens,14776,1343,13433,4498,10278,196,264,1047,1502,1243,1766,213,358,2819,4881,3032,5239
2014,11418,Queens,20095,1825,18270,6363,13732,287,416,1601,2244,1888,2660,306,597,4355,7767,4661,8364
2014,11419,Queens,28403,2265,26138,8223,20180,361,562,1982,2836,2343,3398,394,695,5595,9520,5989,10215
2014,11420,Queens,22896,1998,20898,6896,16000,307,445,1727,2424,2034,2869,322,592,4599,7677,4921,8269
2014,11421,Queens,21229,1972,19257,6677,14552,269,412,1491,2054,1760,2466,317,555,4442,7477,4759,8032
2014,11422,Queens,10531,926,9605,3374,7157,148,205,814,1319,962,1524,127,192,2246,3967,2373,4159
2014,11423,Queens,14159,1810,12349,4027,10132,350,566,1012,1555,1362,2121,300,544,2700,4665,3000,5209
2014,11424,Queens,77,3,74,35,42,0,0,7,7,7,7,0,0,12,23,12,23
2014,11425,Queens,72,5,67,22,50,0,0,5,5,5,5,1,1,14,21,15,22
2014,11426,Queens,5698,549,5149,1454,4244,71,111,382,580,453,691,60,120,877,1437,937,1557
2014,11427,Queens,8560,1173,7387,2114,6446,209,331,567,840,776,1171,155,339,1349,2240,1504,2579
2014,11428,Queens,8354,867,7487,2281,6073,133,192,628,883,761,1075,135,216,1616,2999,1751,3215
2014,11429,Queens,10171,1047,9124,3049,7122,152,240,821,1200,973,1440,153,266,2217,3724,2370,3990
2014,11430,Queens,324,32,292,61,263,7,9,33,55,40,64,8,22,101,261,109,283
2014,11431,Queens,693,106,587,121,572,17,26,60,115,77,141,21,28,173,470,194,498
2014,11432,Queens,36994,3990,33004,10698,26296,738,1103,2834,4183,3572,5286,610,1151,7736,14330,8346,15481
2014,11433,Queens,19744,1847,17897,6847,12897,339,503,1649,2548,1988,3051,356,696,5055,9600,5411,10296
2014,11434,Queens,26223,2643,23580,8948,17275,474,721,2164,3208,2638,3929,459,953,6185,11760,6644,12713
2014,11435,Queens,31039,2904,28135,9604,21435,477,730,2710,4301,3187,5031,483,988,7444,14250,7927,15238
2014,11436,Queens,8773,693,8080,2968,5805,124,208,700,1106,824,1314,128,225,2045,3725,2173,3950
2014,11439,Queens,37,2,35,9,28,1,1,2,2,3,3,1,3,5,5,6,8
2014,11451,Queens,8,1,7,4,4,0,0,2,2,2,2,1,1,1,1,2,2
2014,11501,Nassau,3258,518,2740,865,2393,60,79,280,413,340,492,67,130,621,1092,688,1222
2014,11507,Nassau,965,174,791,169,796,22,29,35,68,57,97,17,33,88,113,105,146
2014,11509,Nassau,198,43,155,39,159,6,9,6,9,12,18,3,6,22,29,25,35
2014,11510,Nassau,7480,1038,6442,2101,5379,147,225,562,838,709,1063,149,284,1527,2527,1676,2811
2014,11514,Nassau,616,86,530,148,468,10,18,41,63,51,81,10,21,94,146,104,167
2014,11516,Nassau,1428,158,1270,507,921,22,29,107,176,129,205,9,19,191,288,200,307
2014,11518,Nassau,1341,187,1154,346,995,30,41,112,175,142,216,33,81,256,469,289,550
2014,11520,Nassau,20152,2233,17919,6726,13426,311,458,1715,2521,2026,2979,359,715,4590,7812,4949,8527
2014,11530,Nassau,1521,379,1142,266,1255,56,85,66,113,122,198,39,97,202,372,241,469
2014,11531,Nassau,33,6,27,7,26,2,2,0,0,2,2,4,9,7,10,11,19
2014,11535,Nassau,7,1,6,2,5,0,0,0,0,0,0,0,0,1,1,1,1
2014,11542,Nassau,7571,1062,6509,2511,5060,176,256,617,870,793,1126,191,374,1771,3202,1962,3576
2014,11545,Nassau,1006,293,713,204,802,49,72,44,75,93,147,48,79,135,247,183,326
2014,11547,Nassau,96,14,82,16,80,1,1,5,15,6,16,1,5,22,52,23,57
2014,11548,Nassau,238,39,199,55,183,5,8,10,16,15,24,7,9,31,53,38,62
2014,11549,Nassau,15,1,14,0,15,0,0,0,0,0,0,0,0,1,4,1,4
2014,11550,Nassau,32792,3165,29627,12622,20170,600,904,3418,5037,4018,5941,600,1144,8656,15745,9256,16889
2014,11551,Nassau,477,174,303,57,420,35,58,50,112,85,170,52,118,124,340,176,458
2014,11552,Nassau,5367,595,4772,1645,3722,93,122,425,684,518,806,82,142,1055,1874,1137,2016
2014,11553,Nassau,12855,1574,11281,4339,8516,334,503,1190,1775,1524,2278,205,391,2966,5150,3171,5541
2014,11554,Nassau,6093,1236,4857,1346,4747,196,258,486,846,682,1104,147,260,853,1533,1000,1793
2014,11555,Nassau,9,0,9,4,5,0,0,1,2,1,2,0,0,0,0,0,0
2014,11556,Nassau,49,17,32,6,43,2,2,2,2,4,4,2,3,6,7,8,10
2014,11557,Nassau,991,132,859,282,709,14,17,69,110,83,127,15,28,148,228,163,256
2014,11558,Nassau,1936,370,1566,514,1422,72,90,182,255,254,345,72,130,350,587,422,717
2014,11559,Nassau,1328,163,1165,427,901,17,30,72,100,89,130,25,48,167,264,192,312
2014,11560,Nassau,761,76,685,230,531,12,18,61,84,73,102,11,24,158,278,169,302
2014,11561,Nassau,6897,1719,5178,1613,5284,308,412,473,779,781,1191,286,608,1066,1938,1352,2546
2014,11563,Nassau,3167,563,2604,774,2393,86,117,233,396,319,513,79,141,541,964,620,1105
2014,11565,Nassau,788,138,650,193,595,8,8,60,97,68,105,14,24,122,195,136,219
2014,11566,Nassau,3006,522,2484,674,2332,55,78,200,312,255,390,57,82,359,567,416,649
2014,11568,Nassau,185,26,159,40,145,6,7,15,20,21,27,6,11,33,42,39,53
2014,11569,Nassau,86,11,75,18,68,1,1,6,7,7,8,2,2,8,16,10,18
2014,11570,Nassau,3782,880,2902,940,2842,116,160,224,394,340,554,148,263,716,1313,864,1576
2014,11571,Nassau,47,13,34,5,42,5,6,2,4,7,10,4,12,8,14,12,26
2014,11572,Nassau,3802,725,3077,887,2915,103,131,245,388,348,519,93,169,665,1059,758,1228
2014,11575,Nassau,9563,718,8845,3606,5957,129,217,1045,1516,1174,1733,125,243,2590,4713,2715,4956
2014,11576,Nassau,798,172,626,146,652,17,22,32,58,49,80,14,43,106,172,120,215
2014,11577,Nassau,1781,506,1275,349,1432,89,120,85,137,174,257,86,197,205,327,291,524
2014,11579,Nassau,502,87,415,113,389,9,10,29,50,38,60,7,9,103,192,110,201
2014,11580,Nassau,10450,1284,9166,2993,7457,149,210,718,1137,867,1347,157,232,1891,3130,2048,3362
2014,11581,Nassau,3963,509,3454,1144,2819,63,82,230,314,293,396,59,85,609,924,668,1009
2014,11582,Nassau,94,11,83,23,71,1,1,10,13,11,14,2,3,22,34,24,37
2014,11590,Nassau,16095,1466,14629,6335,9760,218,322,1639,2220,1857,2542,215,329,3914,6609,4129,6938
2014,11592,Nassau,8,1,7,5,3,0,0,0,0,0,0,1,2,1,2,2,4
2014,11594,Nassau,3,1,2,1,2,0,0,0,0,0,0,0,0,0,0,0,0
2014,11595,Nassau,3,1,2,0,3,0,0,0,0,0,0,0,0,0,0,0,0
2014,11596,Nassau,907,138,769,209,698,19,26,58,85,77,111,12,20,116,185,128,205
2014,11597,Nassau,2,2,0,0,2,0,0,0,0,0,0,0,0,0,0,0,0
2014,11598,Nassau,1964,410,1554,550,1414,92,152,148,214,240,366,53,89,201,307,254,396
2014,11599,Nassau,4,0,4,2,2,0,0,0,0,0,0,0,0,0,0,0,0
2014,11690,Queens,252,70,182,56,196,11,14,12,14,23,28,11,17,60,94,71,111
2014,11691,Queens,36067,6187,29880,12444,23623,1467,2131,3133,4974,4600,7105,1094,2145,8109,16804,9203,18949
2014,11692,Queens,11186,1317,9869,3962,7224,302,425,921,1533,1223,1958,245,525,2787,5465,3032,5990
2014,11693,Queens,4930,690,4240,1468,3462,125,185,397,615,522,800,114,218,1173,2246,1287,2464
2014,11694,Queens,4527,1260,3267,941,3586,387,602,418,905,805,1507,240,515,715,1537,955,2052
2014,11695,Queens,14,1,13,7,7,1,1,2,2,3,3,0,0,2,2,2,2
2014,11697,Queens,195,43,152,38,157,6,8,12,16,18,24,5,8,18,27,23,35
2014,11701,Suffolk,9912,1466,8446,3490,6422,205,252,952,1438,1157,1690,235,463,2061,3577,2296,4040
2014,11702,Suffolk,1460,238,1222,321,1139,31,41,143,243,174,284,32,83,240,426,272,509
2014,11703,Suffolk,3388,495,2893,995,2393,49,62,257,390,306,452,58,95,548,931,606,1026
2014,11704,Suffolk,8572,1561,7011,2403,6169,297,402,730,1200,1027,1602,236,440,1574,2858,1810,3298
2014,11705,Suffolk,880,164,716,232,648,26,43,74,128,100,171,31,62,176,362,207,424
2014,11706,Suffolk,22052,2164,19888,8399,13653,291,427,2052,2959,2343,3386,366,701,4978,8692,5344,9393
2014,11707,Suffolk,31,8,23,5,26,1,2,4,6,5,8,3,5,6,13,9,18
2014,11708,Suffolk,3,1,2,0,3,0,0,0,0,0,0,0,0,0,0,0,0
2014,11709,Nassau,771,150,621,201,570,27,36,48,81,75,117,26,45,145,224,171,269
2014,11710,Nassau,3913,644,3269,910,3003,77,119,270,434,347,553,69,124,571,1020,640,1144
2014,11713,Suffolk,3657,296,3361,1546,2111,60,88,389,603,449,691,65,126,1221,2611,1286,2737
2014,11714,Nassau,3038,728,2310,654,2384,83,101,205,338,288,439,107,197,508,903,615,1100
2014,11715,Suffolk,420,52,368,99,321,2,3,52,107,54,110,3,3,99,219,102,222
2014,11716,Suffolk,1755,341,1414,416,1339,48,70,150,257,198,327,50,118,325,689,375,807
2014,11717,Suffolk,31890,2745,29145,13044,18846,391,588,3212,4382,3603,4970,460,890,7514,12902,7974,13792
2014,11718,Suffolk,250,27,223,76,174,2,15,20,31,22,46,4,21,41,74,45,95
2014,11719,Suffolk,827,368,459,143,684,85,123,60,96,145,219,76,159,134,240,210,399
2014,11720,Suffolk,4589,550,4039,1431,3158,64,113,375,549,439,662,82,180,938,1688,1020,1868
2014,11721,Suffolk,396,58,338,77,319,7,10,16,38,23,48,6,13,52,86,58,99
2014,11722,Suffolk,16643,1498,15145,6709,9934,227,301,1661,2351,1888,2652,282,510,3969,6823,4251,7333
2014,11724,Suffolk,97,18,79,14,83,3,3,7,8,10,11,1,1,11,26,12,27
2014,11725,Suffolk,3182,790,2392,782,2400,116,150,222,355,338,505,91,179,467,890,558,1069
2014,11726,Suffolk,8295,758,7537,3051,5244,100,141,758,1078,858,1219,115,213,1694,2704,1809,2917
2014,11727,Suffolk,5990,799,5191,1875,4115,119,159,537,875,656,1034,144,304,1456,2931,1600,3235
2014,11729,Suffolk,5814,775,5039,1682,4132,101,140,499,780,600,920,106,236,971,1634,1077,1870
2014,11730,Suffolk,1486,298,1188,370,1116,47,65,115,192,162,257,37,76,253,418,290,494
2014,11731,Suffolk,3028,429,2599,813,2215,38,55,245,383,283,438,57,106,509,873,566,979
2014,11732,Nassau,345,156,189,55,290,36,49,21,27,57,76,16,32,40,76,56,108
2014,11733,Suffolk,1157,181,976,268,889,24,33,108,179,132,212,26,53,202,396,228,449
2014,11735,Nassau,5080,821,4259,1438,3642,101,130,391,610,492,740,139,280,866,1489,1005,1769
2014,11736,Nassau,4,0,4,0,4,0,0,1,1,1,1,0,0,2,4,2,4
2014,11737,Nassau,16,1,15,4,12,1,1,5,7,6,8,0,0,9,21,9,21
2014,11738,Suffolk,3051,339,2712,1066,1985,52,72,272,408,324,480,59,108,642,1177,701,1285
2014,11739,Suffolk,73,12,61,12,61,0,0,6,7,6,7,0,0,11,23,11,23
2014,11740,Suffolk,1190,352,838,246,944,56,84,66,104,122,188,44,89,193,307,237,396
2014,11741,Suffolk,3428,530,2898,984,2444,78,114,272,459,350,573,89,189,641,1255,730,1444
2014,11742,Suffolk,1660,257,1403,480,1180,32,42,133,215,165,257,48,67,307,562,355,629
2014,11743,Suffolk,4956,892,4064,1315,3641,135,183,338,538,473,721,117,206,976,1830,1093,2036
2014,11746,Suffolk,15388,1351,14037,5654,9734,189,236,1507,2169,1696,2405,196,370,3707,6711,3903,7081
2014,11747,Suffolk,1866,551,1315,371,1495,65,86,95,153,160,239,58,121,243,464,301,585
2014,11749,Suffolk,783,87,696,262,521,15,18,69,97,84,115,13,21,158,255,171,276
2014,11750,Suffolk,12,2,10,5,7,1,1,1,2,2,3,1,2,3,6,4,8
2014,11751,Suffolk,2084,302,1782,598,1486,36,47,169,242,205,289,44,132,405,683,449,815
2014,11752,Suffolk,1516,185,1331,469,1047,24,30,131,196,155,226,18,28,272,476,290,504
2014,11753,Nassau,1245,169,1076,301,944,18,25,69,100,87,125,25,47,150,222,175,269
2014,11754,Suffolk,1908,529,1379,396,1512,55,67,127,205,182,272,60,97,277,466,337,563
2014,11755,Suffolk,1356,196,1160,332,1024,22,33,87,162,109,195,25,51,228,405,253,456
2014,11756,Nassau,6207,861,5346,1648,4559,107,145,444,770,551,915,87,134,1067,1864,1154,1998
2014,11757,Suffolk,8629,1012,7617,2549,6080,114,149,696,1140,810,1289,115,208,1398,2399,1513,2607
2014,11758,Nassau,5865,1205,4660,1433,4432,142,198,414,712,556,910,154,248,849,1472,1003,1720
2014,11760,Suffolk,9,1,8,6,3,0,0,0,0,0,0,0,0,1,1,1,1
2014,11762,Nassau,1457,278,1179,322,1135,29,50,84,155,113,205,28,63,169,259,197,322
2014,11763,Suffolk,7094,1162,5932,2357,4737,275,402,666,1041,941,1443,265,508,1732,3473,1997,3981
2014,11764,Suffolk,1133,111,1022,324,809,14,18,87,139,101,157,21,28,231,400,252,428
2014,11765,Nassau,43,15,28,3,40,1,1,2,2,3,3,0,0,2,2,2,2
2014,11766,Suffolk,1065,160,905,256,809,24,44,92,150,116,194,18,52,203,413,221,465
2014,11767,Suffolk,1558,393,1165,375,1183,54,73,101,171,155,244,35,65,242,408,277,473
2014,11768,Suffolk,1492,223,1269,350,1142,30,70,104,204,134,274,36,68,223,420,259,488
2014,11769,Suffolk,1010,428,582,138,872,80,104,49,101,129,205,64,101,118,229,182,330
2014,11770,Suffolk,31,5,26,4,27,3,3,4,7,7,10,1,3,6,8,7,11
2014,11771,Nassau,1215,154,1061,394,821,13,17,103,154,116,171,17,24,228,407,245,431
2014,11772,Suffolk,11608,1803,9805,4035,7573,352,519,1121,1746,1473,2265,404,766,2995,6017,3399,6783
2014,11773,Nassau,10,3,7,3,7,1,1,1,2,2,3,1,1,5,8,6,9
2014,11774,Nassau,2,1,1,1,1,0,0,0,0,0,0,0,0,0,0,0,0
2014,11775,Suffolk,10,1,9,3,7,1,1,0,0,1,1,0,0,3,6,3,6
2014,11776,Suffolk,4856,1076,3780,1346,3510,244,328,424,718,668,1046,296,645,1019,2039,1315,2684
2014,11777,Suffolk,1279,305,974,274,1005,60,79,122,228,182,307,74,164,274,568,348,732
2014,11778,Suffolk,1938,218,1720,621,1317,35,52,180,362,215,414,43,71,458,878,501,949
2014,11779,Suffolk,7093,1117,5976,1898,5195,148,262,628,1092,776,1354,161,385,1323,2549,1484,2934
2014,11780,Suffolk,1502,566,936,279,1223,73,104,85,133,158,237,48,76,143,225,191,301
2014,11782,Suffolk,1551,451,1100,329,1222,78,91,108,190,186,281,49,92,236,433,285,525
2014,11783,Nassau,1730,322,1408,382,1348,30,40,102,161,132,201,32,49,231,393,263,442
2014,11784,Suffolk,4992,652,4340,1620,3372,105,148,437,696,542,844,109,198,1049,1931,1158,2129
2014,11786,Suffolk,648,94,554,187,461,19,25,53,96,72,121,24,37,142,250,166,287
2014,11787,Suffolk,3855,1243,2612,828,3027,179,240,252,489,431,729,197,423,546,983,743,1406
2014,11788,Suffolk,3152,745,2407,1226,1926,107,137,269,427,376,564,221,456,538,1120,759,1576
2014,11789,Suffolk,1085,132,953,333,752,20,35,110,194,130,229,26,54,259,502,285,556
2014,11790,Suffolk,1162,437,725,189,973,51,59,58,89,109,148,29,45,124,205,153,250
2014,11791,Nassau,2092,369,1723,447,1645,53,72,103,168,156,240,39,62,249,440,288,502
2014,11792,Suffolk,752,110,642,204,548,14,16,68,127,82,143,25,45,176,308,201,353
2014,11793,Nassau,2594,554,2040,578,2016,66,79,192,297,258,376,60,127,342,563,402,690
2014,11794,Suffolk,9,1,8,2,7,0,0,1,4,1,4,0,0,1,5,1,5
2014,11795,Suffolk,2861,768,2093,642,2219,99,123,170,304,269,427,84,152,360,617,444,769
2014,11796,Suffolk,414,104,310,87,327,21,26,32,59,53,85,14,22,61,152,75,174
2014,11797,Nassau,1230,790,440,100,1130,119,154,33,78,152,232,93,149,89,168,182,317
2014,11798,Suffolk,8062,639,7423,3408,4654,101,128,856,1218,957,1346,118,270,2087,3836,2205,4106
2014,11801,Nassau,9219,1106,8113,2568,6651,138,188,688,1024,826,1212,121,198,1620,2776,1741,2974
2014,11802,Nassau,114,15,99,31,83,0,0,5,10,5,10,3,5,19,30,22,35
2014,11803,Nassau,2942,1088,1854,449,2493,132,172,127,227,259,399,142,290,321,535,463,825
2014,11804,Nassau,370,108,262,62,308,13,30,19,40,32,70,17,40,44,78,61,118
2014,11901,Suffolk,9203,1248,7955,3206,5997,171,242,1078,1656,1249,1898,254,562,2525,5418,2779,5980
2014,11930,Suffolk,466,36,430,187,279,6,11,40,58,46,69,6,16,74,129,80,145
2014,11931,Suffolk,388,36,352,160,228,9,11,27,32,36,43,6,13,107,246,113,259
2014,11932,Suffolk,266,30,236,105,161,3,5,21,38,24,43,6,18,69,174,75,192
2014,11933,Suffolk,1122,194,928,390,732,14,29,86,146,100,175,32,58,278,566,310,624
2014,11934,Suffolk,1213,198,1015,362,851,42,53,109,177,151,230,47,93,287,576,334,669
2014,11935,Suffolk,368,41,327,118,250,4,4,30,45,34,49,4,10,87,159,91,169
2014,11937,Suffolk,3244,226,3018,1246,1998,43,59,322,424,365,483,41,85,494,764,535,849
2014,11939,Suffolk,121,25,96,32,89,4,4,5,10,9,14,2,4,29,66,31,70
2014,11940,Suffolk,653,106,547,195,458,12,20,63,90,75,110,15,27,157,295,172,322
2014,11941,Suffolk,269,35,234,76,193,2,2,22,31,24,33,4,6,50,85,54,91
2014,11942,Suffolk,768,60,708,272,496,8,11,59,97,67,108,13,34,169,314,182,348
2014,11944,Suffolk,1250,223,1027,464,786,18,25,122,166,140,191,27,41,327,596,354,637
2014,11946,Suffolk,3528,291,3237,1419,2109,31,45,344,453,375,498,52,111,730,1243,782,1354
2014,11947,Suffolk,136,16,120,45,91,2,2,13,21,15,23,5,10,28,52,33,62
2014,11948,Suffolk,140,13,127,46,94,0,0,9,10,9,10,0,0,20,40,20,40
2014,11949,Suffolk,1676,395,1281,425,1251,46,62,114,186,160,248,59,108,303,521,362,629
2014,11950,Suffolk,5621,492,5129,2301,3320,73,93,576,879,649,972,108,190,1601,3179,1709,3369
2014,11951,Suffolk,4935,496,4439,1871,3064,88,112,551,811,639,923,100,195,1522,3211,1622,3406
2014,11952,Suffolk,626,72,554,194,432,7,12,59,108,66,120,12,17,123,229,135,246
2014,11953,Suffolk,2948,604,2344,900,2048,139,201,243,442,382,643,129,345,737,1539,866,1884
2014,11954,Suffolk,702,66,636,231,471,7,11,51,69,58,80,10,20,89,133,99,153
2014,11955,Suffolk,543,89,454,179,364,10,14,57,122,67,136,21,43,127,277,148,320
2014,11956,Suffolk,30,3,27,7,23,0,0,1,1,1,1,1,2,6,10,7,12
2014,11957,Suffolk,86,20,66,27,59,4,6,5,7,9,13,0,0,16,34,16,34
2014,11958,Suffolk,153,21,132,45,108,0,0,11,13,11,13,1,1,29,52,30,53
2014,11959,Suffolk,134,17,117,29,105,0,0,10,19,10,19,1,2,23,29,24,31
2014,11960,Suffolk,86,16,70,18,68,2,2,5,5,7,7,6,9,14,23,20,32
2014,11961,Suffolk,2102,392,1710,627,1475,59,77,195,318,254,395,74,154,476,957,550,1111
2014,11962,Suffolk,35,7,28,8,27,1,1,3,3,4,4,0,0,4,4,4,4
2014,11963,Suffolk,910,83,827,324,586,7,11,85,121,92,132,10,13,177,271,187,284
2014,11964,Suffolk,164,18,146,62,102,1,1,13,18,14,19,4,8,35,50,39,58
2014,11965,Suffolk,63,9,54,11,52,2,3,6,9,8,12,2,3,16,31,18,34
2014,11967,Suffolk,7483,737,6746,2735,4748,115,162,690,1086,805,1248,167,347,2001,4100,2168,4447
2014,11968,Suffolk,2051,359,1692,745,1306,74,104,191,273,265,377,75,153,437,737,512,890
2014,11969,Suffolk,464,51,413,191,273,9,14,38,60,47,74,14,31,99,217,113,248
2014,11970,Suffolk,37,12,25,5,32,0,0,4,8,4,8,0,0,7,20,7,20
2014,11971,Suffolk,681,94,587,230,451,10,12,61,80,71,92,13,24,137,242,150,266
2014,11972,Suffolk,209,18,191,89,120,0,0,20,24,20,24,2,2,39,70,41,72
2014,11973,Suffolk,26,0,26,10,16,0,0,4,5,4,5,0,0,3,7,3,7
2014,11975,Suffolk,161,9,152,56,105,1,1,15,18,16,19,2,4,35,46,37,50
2014,11976,Suffolk,232,27,205,91,141,7,7,32,39,39,46,5,9,40,71,45,80
2014,11977,Suffolk,508,184,324,151,357,27,29,31,41,58,70,14,24,78,121,92,145
2014,11978,Suffolk,686,62,624,268,418,13,18,85,110,98,128,8,16,153,248,161,264
2014,11980,Suffolk,608,87,521,177,431,15,16,42,63,57,79,18,34,133,226,151,260
2014,12007,Albany,31,4,27,7,24,1,2,2,3,3,5,3,35,9,17,12,52
2014,12008,Schenectady,66,4,62,28,38,0,0,5,5,5,5,0,0,6,10,6,10
2014,12009,Albany,927,176,751,264,663,22,29,60,87,82,116,28,69,141,241,169,310
2014,12010,Montgomery,11011,1779,9232,4010,7001,295,394,844,1214,1139,1608,440,1024,3460,7604,3900,8628
2014,12015,Greene,673,131,542,218,455,26,33,40,52,66,85,15,40,107,229,122,269
2014,12016,Montgomery,7,0,7,5,2,0,0,1,1,1,1,0,0,1,1,1,1
2014,12017,Columbia,67,8,59,22,45,1,1,5,5,6,6,0,0,15,23,15,23
2014,12018,Rensselaer,904,115,789,306,598,15,22,77,103,92,125,27,51,189,333,216,384
2014,12019,Saratoga,1129,206,923,329,800,20,25,66,105,86,130,31,63,111,211,142,274
2014,12020,Saratoga,5614,965,4649,1777,3837,127,172,437,603,564,775,163,364,934,1842,1097,2206
2014,12022,Rensselaer,258,37,221,108,150,3,5,18,24,21,29,3,4,60,143,63,147
2014,12023,Albany,404,51,353,146,258,3,4,29,35,32,39,5,15,80,125,85,140
2014,12024,Columbia,21,4,17,4,17,2,2,0,0,2,2,3,4,1,1,4,5
2014,12025,Fulton,1332,235,1097,447,885,21,36,86,122,107,158,33,65,284,542,317,607
2014,12027,Saratoga,376,69,307,111,265,9,16,22,28,31,44,9,14,36,88,45,102
2014,12028,Rensselaer,214,42,172,63,151,2,3,17,22,19,25,4,5,33,62,37,67
2014,12029,Columbia,292,23,269,192,100,5,5,24,31,29,36,2,3,62,97,64,100
2014,12031,Schoharie,52,8,44,21,31,1,1,2,2,3,3,1,1,13,17,14,18
2014,12032,Fulton,219,46,173,58,161,5,7,13,20,18,27,10,28,55,97,65,125
2014,12033,Rensselaer,1021,197,824,314,707,29,34,71,114,100,148,40,86,172,300,212,386
2014,12035,Schoharie,270,31,239,104,166,4,4,27,37,31,41,3,3,75,139,78,142
2014,12036,Schoharie,81,12,69,29,52,0,0,5,8,5,8,2,4,23,30,25,34
2014,12037,Columbia,826,162,664,252,574,23,32,57,76,80,108,23,40,158,270,181,310
2014,12040,Rensselaer,38,5,33,16,22,1,1,3,3,4,4,0,0,7,10,7,10
2014,12041,Albany,73,11,62,28,45,2,3,2,2,4,5,0,0,11,21,11,21
2014,12042,Greene,63,14,49,18,45,3,4,6,9,9,13,4,9,4,4,8,13
2014,12043,Schoharie,1773,345,1428,531,1242,50,61,126,167,176,228,54,103,453,848,507,951
2014,12045,Albany,205,31,174,82,123,3,4,21,28,24,32,5,16,45,61,50,77
2014,12046,Albany,90,10,80,32,58,3,5,6,6,9,11,3,3,11,27,14,30
2014,12047,Albany,5420,960,4460,1818,3602,136,186,456,658,592,844,272,856,1496,3547,1768,4403
2014,12050,Columbia,64,13,51,20,44,3,3,9,13,12,16,2,3,17,41,19,44
2014,12051,Greene,1495,143,1352,270,1225,10,14,61,86,71,100,17,42,148,280,165,322
2014,12052,Rensselaer,230,41,189,72,158,9,10,10,14,19,24,14,46,44,74,58,120
2014,12053,Schenectady,550,84,466,197,353,9,12,41,52,50,64,15,19,108,153,123,172
2014,12054,Albany,1295,242,1053,368,927,34,39,84,117,118,156,39,78,183,303,222,381
2014,12055,Albany,1,0,1,0,1,0,0,0,0,0,0,0,0,0,0,0,0
2014,12056,Schenectady,306,55,251,84,222,8,14,14,18,22,32,5,6,65,107,70,113
2014,12057,Washington,350,53,297,134,216,9,12,15,20,24,32,3,5,52,85,55,90
2014,12058,Greene,359,49,310,118,241,7,9,19,21,26,30,10,28,63,104,73,132
2014,12059,Albany,243,37,206,82,161,5,6,13,14,18,20,6,10,39,61,45,71
2014,12060,Columbia,205,21,184,58,147,5,5,11,12,16,17,2,3,38,50,40,53
2014,12061,Rensselaer,953,193,760,256,697,30,36,70,95,100,131,40,77,174,285,214,362
2014,12062,Rensselaer,308,40,268,109,199,5,7,28,39,33,46,4,6,61,131,65,137
2014,12063,Rensselaer,63,16,47,18,45,1,1,3,3,4,4,3,4,17,37,20,41
2014,12064,Otsego,174,23,151,71,103,2,2,11,14,13,16,2,5,44,73,46,78
2014,12065,Saratoga,4990,806,4184,1532,3458,99,121,344,452,443,573,105,230,506,925,611,1155
2014,12066,Schoharie,332,40,292,132,200,7,9,16,17,23,26,10,32,86,150,96,182
2014,12067,Albany,194,40,154,54,140,5,6,17,19,22,25,11,24,34,60,45,84
2014,12068,Montgomery,823,134,689,290,533,26,32,61,92,87,124,25,36,209,425,234,461
2014,12069,Montgomery,58,7,51,12,46,1,1,0,0,1,1,1,1,12,19,13,20
2014,12070,Montgomery,299,65,234,100,199,5,8,29,45,34,53,15,24,71,139,86,163
2014,12071,Schoharie,79,10,69,27,52,1,1,4,4,5,5,2,4,26,42,28,46
2014,12072,Montgomery,607,93,514,202,405,17,26,44,49,61,75,19,78,149,265,168,343
2014,12073,Schoharie,23,5,18,5,18,0,0,0,0,0,0,1,1,3,3,4,4
2014,12074,Saratoga,461,73,388,128,333,17,25,35,52,52,77,18,36,90,164,108,200
2014,12075,Columbia,651,157,494,199,452,36,50,36,57,72,107,31,80,116,267,147,347
2014,12076,Schoharie,313,52,261,101,212,6,6,18,22,24,28,6,15,69,104,75,119
2014,12077,Albany,598,98,500,152,446,10,13,25,36,35,49,18,44,94,147,112,191
2014,12078,Fulton,9601,1970,7631,3138,6463,288,393,808,1112,1096,1505,505,1188,2960,6444,3465,7632
2014,12082,Rensselaer,33,10,23,10,23,1,1,1,1,2,2,1,1,7,13,8,14
2014,12083,Greene,771,121,650,241,530,15,17,65,76,80,93,18,44,120,215,138,259
2014,12084,Albany,556,122,434,145,411,24,29,35,58,59,87,21,66,98,231,119,297
2014,12085,Albany,114,45,69,28,86,14,16,3,4,17,20,9,42,21,28,30,70
2014,12086,Montgomery,264,58,206,72,192,14,16,17,31,31,47,8,14,50,121,58,135
2014,12087,Greene,223,35,188,66,157,2,2,17,22,19,24,7,13,39,79,46,92
2014,12089,Rensselaer,35,4,31,13,22,0,0,2,2,2,2,0,0,10,21,10,21
2014,12090,Rensselaer,1563,262,1301,596,967,33,40,89,117,122,157,12,31,322,585,334,616
2014,12092,Schoharie,265,44,221,86,179,4,5,26,32,30,37,8,13,70,121,78,134
2014,12093,Schoharie,403,64,339,125,278,4,4,25,34,29,38,10,16,87,155,97,171
2014,12094,Rensselaer,473,51,422,188,285,6,10,37,49,43,59,12,45,117,340,129,385
2014,12095,Fulton,3464,742,2722,984,2480,99,125,261,412,360,537,177,425,868,1860,1045,2285
2014,12106,Columbia,342,54,288,104,238,9,11,24,31,33,42,6,7,43,77,49,84
2014,12107,Albany,18,3,15,4,14,0,0,3,3,3,3,1,2,6,13,7,15
2014,12108,Hamilton,81,12,69,23,58,0,0,5,5,5,5,1,1,17,26,18,27
2014,12110,Albany,2857,756,2101,744,2113,48,70,166,227,214,297,88,195,378,761,466,956
2014,12115,Columbia,10,0,10,5,5,0,0,0,0,0,0,0,0,0,0,0,0
2014,12116,Otsego,422,71,351,136,286,14,17,29,41,43,58,12,20,95,205,107,225
2014,12117,Fulton,835,164,671,250,585,21,29,49,76,70,105,31,57,185,354,216,411
2014,12118,Saratoga,2889,468,2421,1026,1863,69,88,233,292,302,380,85,172,335,681,420,853
2014,12120,Albany,81,8,73,28,53,1,1,7,8,8,9,1,3,9,13,10,16
2014,12121,Rensselaer,209,40,169,69,140,3,3,7,13,10,16,10,19,46,70,56,89
2014,12122,Schoharie,1015,180,835,307,708,26,32,62,80,88,112,32,50,237,417,269,467
2014,12123,Rensselaer,918,140,778,303,615,16,21,75,106,91,127,17,63,180,317,197,380
2014,12124,Greene,49,9,40,11,38,3,5,1,1,4,6,1,3,7,8,8,11
2014,12125,Columbia,342,44,298,107,235,2,2,19,25,21,27,1,1,65,106,66,107
2014,12128,Albany,20,4,16,2,18,0,0,3,5,3,5,0,0,5,8,5,8
2014,12130,Columbia,211,36,175,65,146,7,13,11,12,18,25,5,15,43,60,48,75
2014,12131,Schoharie,45,13,32,9,36,0,0,3,11,3,11,1,1,11,31,12,32
2014,12132,Columbia,29,6,23,9,20,2,2,0,0,2,2,2,4,5,7,7,11
2014,12133,Rensselaer,19,6,13,3,16,2,3,2,3,4,6,2,3,5,5,7,8
2014,12134,Fulton,923,176,747,293,630,32,38,61,88,93,126,31,75,214,356,245,431
2014,12136,Columbia,89,12,77,25,64,4,6,7,13,11,19,3,5,12,56,15,61
2014,12137,Schenectady,337,37,300,125,212,4,4,24,28,28,32,8,17,88,160,96,177
2014,12138,Rensselaer,572,112,460,173,399,13,14,34,66,47,80,10,24,101,161,111,185
2014,12139,Hamilton,35,9,26,10,25,0,0,2,2,2,2,1,2,1,1,2,3
2014,12140,Rensselaer,196,28,168,72,124,2,2,17,21,19,23,2,3,48,97,50,100
2014,12141,Schenectady,10,1,9,2,8,0,0,1,1,1,1,0,0,2,4,2,4
2014,12143,Albany,1132,179,953,411,721,21,32,100,142,121,174,31,67,241,460,272,527
2014,12144,Rensselaer,4804,769,4035,1706,3098,117,154,427,596,544,750,180,450,1154,2367,1334,2817
2014,12147,Albany,73,15,58,22,51,0,0,5,5,5,5,0,0,6,6,6,6
2014,12148,Saratoga,380,71,309,109,271,7,7,29,38,36,45,6,14,46,87,52,101
2014,12149,Schoharie,665,91,574,239,426,9,10,49,58,58,68,19,31,180,326,199,357
2014,12150,Schenectady,150,21,129,45,105,3,3,16,30,19,33,3,5,27,62,30,67
2014,12151,Saratoga,106,18,88,35,71,3,8,10,16,13,24,2,5,11,15,13,20
2014,12153,Rensselaer,94,11,83,27,67,0,0,9,9,9,9,1,1,12,32,13,33
2014,12154,Rensselaer,385,54,331,119,266,3,3,32,37,35,40,9,23,91,166,100,189
2014,12155,Otsego,422,60,362,151,271,5,7,20,25,25,32,7,16,108,202,115,218
2014,12156,Rensselaer,131,22,109,45,86,3,4,12,12,15,16,4,7,24,39,28,46
2014,12157,Schoharie,955,248,707,272,683,33,43,59,72,92,115,75,134,201,414,276,548
2014,12158,Albany,857,129,728,315,542,18,25,56,77,74,102,19,50,177,326,196,376
2014,12159,Albany,569,183,386,114,455,13,16,22,30,35,46,24,59,69,118,93,177
2014,12160,Schoharie,182,27,155,60,122,6,10,8,9,14,19,2,4,43,78,45,82
2014,12161,Albany,28,7,21,8,20,1,1,0,0,1,1,2,7,1,2,3,9
2014,12164,Hamilton,119,17,102,49,70,2,3,4,4,6,7,3,3,18,32,21,35
2014,12165,Columbia,28,7,21,4,24,1,1,0,0,1,1,0,0,3,5,3,5
2014,12166,Montgomery,389,53,336,135,254,5,7,19,28,24,35,7,9,92,191,99,200
2014,12167,Delaware,714,172,542,193,521,30,37,46,69,76,106,33,88,141,249,174,337
2014,12168,Rensselaer,369,54,315,135,234,12,17,24,30,36,47,4,7,81,157,85,164
2014,12169,Rensselaer,41,6,35,10,31,1,2,0,0,1,2,4,7,8,17,12,24
2014,12170,Saratoga,1027,140,887,377,650,21,31,88,139,109,170,34,108,159,306,193,414
2014,12172,Columbia,309,48,261,111,198,12,18,22,26,34,44,12,42,94,245,106,287
2014,12173,Columbia,289,47,242,96,193,5,6,31,38,36,44,9,17,71,133,80,150
2014,12174,Columbia,88,13,75,35,53,3,4,11,22,14,26,4,11,29,83,33,94
2014,12175,Schoharie,172,34,138,51,121,3,5,6,17,9,22,6,24,32,51,38,75
2014,12176,Greene,42,5,37,16,26,2,4,2,3,4,7,1,3,3,3,4,6
2014,12177,Montgomery,114,22,92,30,84,5,5,9,12,14,17,5,18,20,37,25,55
2014,12180,Rensselaer,17791,2720,15071,6446,11345,481,712,1635,2352,2116,3064,1001,3351,6260,15341,7261,18692
2014,12181,Rensselaer,182,50,132,51,131,10,14,13,23,23,37,26,67,65,160,91,227
2014,12182,Rensselaer,4512,660,3852,1667,2845,119,170,365,517,484,687,219,666,1592,3605,1811,4271
2014,12183,Albany,758,115,643,264,494,20,23,69,91,89,114,36,75,235,511,271,586
2014,12184,Columbia,1100,252,848,330,770,54,76,80,98,134,174,56,110,176,274,232,384
2014,12185,Rensselaer,304,39,265,105,199,2,2,24,29,26,31,4,11,60,122,64,133
2014,12186,Albany,507,96,411,151,356,13,16,27,35,40,51,10,14,60,83,70,97
2014,12187,Schoharie,262,35,227,85,177,6,8,23,26,29,34,11,25,81,154,92,179
2014,12188,Saratoga,1873,272,1601,606,1267,28,45,171,226,199,271,64,152,397,890,461,1042
2014,12189,Albany,4666,799,3867,1477,3189,91,128,356,490,447,618,211,624,1244,2695,1455,3319
2014,12190,Hamilton,127,22,105,42,85,0,0,6,14,6,14,3,4,28,45,31,49
2014,12192,Greene,293,82,211,74,219,7,16,23,31,30,47,13,30,31,50,44,80
2014,12193,Albany,368,55,313,137,231,4,7,30,40,34,47,9,13,64,113,73,126
2014,12194,Schoharie,61,11,50,20,41,2,2,10,10,12,12,1,1,15,41,16,42
2014,12195,Columbia,38,15,23,8,30,1,1,7,11,8,12,1,1,4,8,5,9
2014,12196,Rensselaer,354,70,284,111,243,7,10,29,31,36,41,3,5,73,127,76,132
2014,12197,Otsego,523,93,430,172,351,12,17,26,32,38,49,15,27,77,126,92,153
2014,12198,Rensselaer,1042,206,836,341,701,28,49,78,117,106,166,47,121,213,443,260,564
2014,12201,Albany,376,57,319,124,252,8,9,49,77,57,86,23,88,124,325,147,413
2014,12202,Albany,6597,737,5860,2281,4316,135,219,610,902,745,1121,254,612,2257,5205,2511,5817
2014,12203,Albany,4453,948,3505,1163,3290,121,173,332,474,453,647,191,493,953,2047,1144,2540
2014,12204,Albany,2229,350,1879,757,1472,73,97,175,231,248,328,114,275,671,1534,785,1809
2014,12205,Albany,4941,847,4094,1526,3415,114,147,359,489,473,636,197,504,966,1898,1163,2402
2014,12206,Albany,11093,1308,9785,4054,7039,227,400,1031,1489,1258,1889,444,1378,3821,9123,4265,10501
2014,12207,Albany,1231,317,914,347,884,67,96,129,245,196,341,108,363,383,1059,491,1422
2014,12208,Albany,4816,893,3923,1386,3430,139,195,391,650,530,845,238,696,1144,2874,1382,3570
2014,12209,Albany,3659,400,3259,1362,2297,63,83,281,365,344,448,114,307,950,1842,1064,2149
2014,12210,Albany,4791,566,4225,1681,3110,117,168,454,713,571,881,208,738,1712,4219,1920,4957
2014,12211,Albany,1386,294,1092,231,1155,48,67,83,120,131,187,51,100,207,544,258,644
2014,12212,Albany,83,24,59,17,66,1,3,2,2,3,5,2,4,7,11,9,15
2014,12214,Albany,2,0,2,0,2,0,0,0,0,0,0,0,0,1,2,1,2
2014,12220,Albany,25,3,22,9,16,1,1,2,2,3,3,1,2,10,15,11,17
2014,12222,Albany,57,1,56,0,57,0,0,0,0,0,0,0,0,7,9,7,9
2014,12223,Albany,2,0,2,1,1,0,0,0,0,0,0,0,0,0,0,0,0
2014,12224,Albany,8,1,7,1,7,0,0,0,0,0,0,0,0,2,3,2,3
2014,12226,Albany,17,0,17,4,13,0,0,3,5,3,5,0,0,6,14,6,14
2014,12227,Albany,1,0,1,0,1,0,0,0,0,0,0,0,0,0,0,0,0
2014,12228,Albany,1,0,1,0,1,0,0,0,0,0,0,0,0,0,0,0,0
2014,12229,Albany,1,0,1,0,1,0,0,0,0,0,0,0,0,0,0,0,0
2014,12230,Albany,1,1,0,0,1,0,0,0,0,0,0,0,0,0,0,0,0
2014,12232,Albany,1,0,1,0,1,0,0,0,0,0,0,0,0,0,0,0,0
2014,12233,Albany,6,0,6,3,3,0,0,0,0,0,0,0,0,1,3,1,3
2014,12234,Albany,2,0,2,0,2,0,0,0,0,0,0,0,0,0,0,0,0
2014,12235,Albany,3,0,3,0,3,0,0,0,0,0,0,0,0,0,0,0,0
2014,12236,Albany,1,0,1,0,1,0,0,0,0,0,0,0,0,0,0,0,0
2014,12237,Albany,1,0,1,0,1,0,0,0,0,0,0,0,0,0,0,0,0
2014,12238,Albany,1,0,1,0,1,0,0,0,0,0,0,0,0,1,2,1,2
2014,12239,Albany,1,0,1,1,0,0,0,0,0,0,0,0,0,1,4,1,4
2014,12240,Albany,1,0,1,1,0,0,0,0,0,0,0,0,0,0,0,0,0
2014,12241,Albany,1,0,1,0,1,0,0,0,0,0,0,0,0,0,0,0,0
2014,12242,Albany,1,0,1,0,1,0,0,0,0,0,0,0,0,0,0,0,0
2014,12244,Albany,2,0,2,1,1,0,0,1,1,1,1,0,0,1,2,1,2
2014,12247,Albany,2,0,2,1,1,0,0,0,0,0,0,0,0,1,1,1,1
2014,12250,Albany,33,2,31,17,16,2,2,8,9,10,11,0,0,10,23,10,23
2014,12260,Albany,3,0,3,2,1,0,0,0,0,0,0,0,0,1,1,1,1
2014,12288,Albany,1,0,1,1,0,0,0,0,0,0,0,0,0,0,0,0,0
2014,12301,Schenectady,296,94,202,75,221,15,20,14,25,29,45,30,66,84,187,114,253
2014,12302,Schenectady,3469,676,2793,1087,2382,108,150,231,341,339,491,126,275,645,1209,771,1484
2014,12303,Schenectady,8420,1086,7334,3120,5300,150,223,602,808,752,1031,246,590,2423,4506,2669,5096
2014,12304,Schenectady,8842,1114,7728,3214,5628,153,212,717,962,870,1174,284,611,2632,5631,2916,6242
2014,12305,Schenectady,2993,726,2267,691,2302,106,167,345,590,451,757,204,693,873,2168,1077,2861
2014,12306,Schenectady,5596,807,4789,1929,3667,109,159,426,570,535,729,150,393,1438,2852,1588,3245
2014,12307,Schenectady,6684,695,5989,2631,4053,124,182,584,849,708,1031,216,537,2364,5302,2580,5839
2014,12308,Schenectady,6245,732,5513,2435,3810,112,152,538,690,650,842,207,512,2035,4221,2242,4733
2014,12309,Schenectady,3113,600,2513,931,2182,86,104,157,215,243,319,94,187,571,1013,665,1200
2014,12325,Schenectady,12,2,10,6,6,0,0,3,5,3,5,1,1,4,9,5,10
2014,12345,Schenectady,1,0,1,1,0,0,0,1,2,1,2,0,0,1,4,1,4
2014,12401,Ulster,12508,2156,10352,4000,8508,361,500,1065,1572,1426,2072,651,1917,3578,8433,4229,10350
2014,12402,Ulster,670,184,486,167,503,31,37,48,83,79,120,63,205,207,493,270,698
2014,12404,Ulster,871,120,751,273,598,11,14,59,91,70,105,29,58,245,510,274,568
2014,12405,Greene,168,27,141,57,111,2,2,6,7,8,9,5,9,35,61,40,70
2014,12406,Delaware,282,68,214,96,186,14,18,25,33,39,51,27,74,86,203,113,277
2014,12407,Greene,72,13,59,18,54,1,1,10,13,11,14,2,7,10,38,12,45
2014,12409,Ulster,185,36,149,40,145,3,3,11,16,14,19,3,6,25,48,28,54
2014,12410,Ulster,95,17,78,26,69,0,0,6,7,6,7,1,1,16,32,17,33
2014,12411,Ulster,90,14,76,25,65,2,3,3,6,5,9,2,6,24,48,26,54
2014,12412,Ulster,164,28,136,43,121,9,9,13,21,22,30,3,4,28,73,31,77
2014,12413,Greene,1159,185,974,386,773,24,31,87,128,111,159,33,60,238,449,271,509
2014,12414,Greene,3759,701,3058,1196,2563,146,209,303,476,449,685,132,302,794,1916,926,2218
2014,12416,Ulster,77,13,64,18,59,1,2,4,4,5,6,1,2,21,39,22,41
2014,12417,Ulster,216,24,192,81,135,1,1,18,25,19,26,7,11,48,97,55,108
2014,12418,Greene,136,14,122,38,98,3,4,15,19,18,23,2,7,26,37,28,44
2014,12419,Ulster,144,28,116,37,107,5,5,11,21,16,26,7,21,25,60,32,81
2014,12420,Ulster,35,4,31,10,25,0,0,2,2,2,2,1,1,10,18,11,19
2014,12421,Delaware,64,8,56,26,38,1,1,4,6,5,7,4,9,25,47,29,56
2014,12422,Greene,70,16,54,16,54,2,3,9,11,11,14,5,7,14,22,19,29
2014,12423,Greene,283,55,228,93,190,11,20,28,38,39,58,14,37,71,147,85,184
2014,12424,Greene,34,7,27,6,28,1,1,2,8,3,9,1,1,1,1,2,2
2014,12427,Greene,85,8,77,30,55,2,2,3,3,5,5,1,1,5,6,6,7
2014,12428,Ulster,3007,431,2576,1040,1967,62,87,301,461,363,548,148,408,1170,2833,1318,3241
2014,12429,Ulster,83,10,73,20,63,2,2,5,7,7,9,1,2,11,19,12,21
2014,12430,Delaware,311,37,274,124,187,3,3,19,22,22,25,7,26,78,140,85,166
2014,12431,Greene,312,52,260,89,223,11,12,20,24,31,36,12,29,56,99,68,128
2014,12432,Ulster,179,34,145,58,121,2,2,14,25,16,27,8,16,40,85,48,101
2014,12433,Ulster,78,17,61,23,55,1,1,8,8,9,9,3,6,11,13,14,19
2014,12434,Delaware,282,50,232,117,165,6,9,28,43,34,52,10,21,86,138,96,159
2014,12435,Ulster,137,22,115,46,91,5,8,15,17,20,25,7,25,41,85,48,110
2014,12436,Greene,130,22,108,36,94,2,3,7,10,9,13,0,0,33,86,33,86
2014,12438,Delaware,35,3,32,10,25,0,0,3,3,3,3,0,0,9,16,9,16
2014,12439,Greene,116,20,96,29,87,2,2,10,15,12,17,4,7,19,60,23,67
2014,12440,Ulster,332,47,285,78,254,3,3,14,18,17,21,7,10,62,107,69,117
2014,12441,Ulster,39,10,29,14,25,1,1,4,4,5,5,2,5,9,27,11,32
2014,12442,Greene,308,60,248,72,236,4,7,20,25,24,32,7,8,58,91,65,99
2014,12443,Ulster,535,80,455,160,375,8,9,46,51,54,60,12,20,115,212,127,232
2014,12444,Greene,96,12,84,31,65,2,2,10,13,12,15,1,2,16,26,17,28
2014,12446,Ulster,1477,188,1289,498,979,32,38,118,152,150,190,53,135,501,1088,554,1223
2014,12448,Ulster,44,18,26,8,36,2,2,3,4,5,6,1,1,6,11,7,12
2014,12449,Ulster,1041,264,777,246,795,57,94,91,139,148,233,70,151,263,517,333,668
2014,12450,Greene,55,14,41,7,48,0,0,1,1,1,1,1,1,8,12,9,13
2014,12451,Greene,443,80,363,125,318,12,13,46,59,58,72,8,16,83,156,91,172
2014,12452,Greene,44,10,34,14,30,1,2,4,4,5,6,1,2,10,24,11,26
2014,12453,Ulster,82,9,73,23,59,2,2,7,13,9,15,2,3,23,55,25,58
2014,12454,Greene,48,0,48,11,37,0,0,3,4,3,4,0,0,1,2,1,2
2014,12455,Delaware,356,97,259,79,277,15,19,19,23,34,42,29,66,90,170,119,236
2014,12456,Ulster,233,34,199,90,143,5,5,14,22,19,27,12,31,60,112,72,143
2014,12457,Ulster,157,23,134,43,114,4,5,17,30,21,35,4,15,38,63,42,78
2014,12458,Ulster,1077,122,955,201,876,17,23,85,135,102,158,30,76,241,559,271,635
2014,12459,Delaware,44,10,34,9,35,2,2,2,3,4,5,2,3,7,9,9,12
2014,12460,Greene,85,9,76,24,61,2,4,7,14,9,18,0,0,13,20,13,20
2014,12461,Ulster,348,54,294,91,257,6,10,19,27,25,37,12,17,62,104,74,121
2014,12463,Greene,332,57,275,94,238,8,12,27,33,35,45,9,29,60,93,69,122
2014,12464,Ulster,278,51,227,62,216,7,10,26,37,33,47,8,22,43,83,51,105
2014,12465,Ulster,84,24,60,28,56,3,5,5,7,8,12,6,20,12,20,18,40
2014,12466,Ulster,609,99,510,155,454,8,8,49,70,57,78,22,88,156,353,178,441
2014,12468,Greene,293,40,253,94,199,2,2,20,33,22,35,6,12,58,96,64,108
2014,12469,Albany,118,24,94,30,88,1,1,9,9,10,10,4,5,17,33,21,38
2014,12470,Greene,195,30,165,72,123,3,3,18,23,21,26,3,5,47,89,50,94
2014,12471,Ulster,64,11,53,16,48,3,5,3,5,6,10,3,12,11,23,14,35
2014,12472,Ulster,461,85,376,106,355,15,25,26,30,41,55,23,57,91,169,114,226
2014,12473,Greene,161,24,137,53,108,6,7,11,16,17,23,4,7,41,69,45,76
2014,12474,Delaware,263,60,203,76,187,8,10,16,25,24,35,14,27,71,135,85,162
2014,12475,Ulster,77,11,66,28,49,2,2,5,8,7,10,2,4,15,18,17,22
2014,12477,Ulster,4322,757,3565,1242,3080,118,167,301,435,419,602,182,513,822,1656,1004,2169
2014,12480,Ulster,160,29,131,44,116,3,4,4,5,7,9,2,6,29,52,31,58
2014,12481,Ulster,235,33,202,54,181,9,11,13,29,22,40,5,6,49,84,54,90
2014,12482,Greene,292,70,222,81,211,12,24,21,38,33,62,12,27,50,108,62,135
2014,12483,Ulster,152,26,126,56,96,7,8,12,15,19,23,8,25,47,97,55,122
2014,12484,Ulster,440,63,377,110,330,3,3,33,39,36,42,8,18,87,176,95,194
2014,12485,Greene,285,40,245,77,208,5,5,18,20,23,25,5,15,49,95,54,110
2014,12486,Ulster,183,31,152,43,140,3,3,13,16,16,19,2,4,26,48,28,52
2014,12487,Ulster,1881,222,1659,614,1267,18,25,80,115,98,140,25,53,128,284,153,337
2014,12489,Ulster,145,23,122,44,101,5,7,8,9,13,16,10,34,46,107,56,141
2014,12490,Ulster,40,13,27,5,35,1,1,1,1,2,2,3,3,6,11,9,14
2014,12491,Ulster,380,71,309,94,286,3,3,18,21,21,24,8,15,53,81,61,96
2014,12492,Greene,45,9,36,11,34,1,1,0,0,1,1,0,0,10,13,10,13
2014,12493,Ulster,112,25,87,18,94,5,6,6,6,11,12,2,2,23,34,25,36
2014,12494,Ulster,77,18,59,9,68,1,1,1,1,2,2,3,7,8,11,11,18
2014,12495,Ulster,48,6,42,11,37,0,0,1,1,1,1,0,0,7,18,7,18
2014,12496,Greene,326,64,262,95,231,9,11,17,26,26,37,3,4,35,56,38,60
2014,12498,Ulster,994,207,787,218,776,27,41,58,79,85,120,36,77,161,320,197,397
2014,12501,Dutchess,434,36,398,164,270,6,9,30,38,36,47,1,1,81,146,82,147
2014,12502,Columbia,213,29,184,73,140,3,3,25,41,28,44,3,6,64,126,67,132
2014,12503,Columbia,143,26,117,36,107,5,6,9,10,14,16,5,22,35,59,40,81
2014,12504,Dutchess,7,0,7,0,7,0,0,1,1,1,1,0,0,0,0,0,0
2014,12506,Dutchess,2,0,2,1,1,0,0,0,0,0,0,0,0,0,0,0,0
2014,12507,Dutchess,35,0,35,11,24,0,0,2,2,2,2,0,0,14,23,14,23
2014,12508,Dutchess,4800,899,3901,1355,3445,166,238,366,546,532,784,202,472,815,1518,1017,1990
2014,12510,Dutchess,11,3,8,2,9,0,0,0,0,0,0,1,1,0,0,1,1
2014,12511,Dutchess,1,0,1,0,1,0,0,0,0,0,0,0,0,1,1,1,1
2014,12512,Dutchess,33,6,27,10,23,0,0,4,4,4,4,1,2,10,15,11,17
2014,12513,Columbia,148,40,108,28,120,7,9,5,7,12,16,5,12,29,46,34,58
2014,12514,Dutchess,274,39,235,63,211,2,3,11,16,13,19,4,7,57,88,61,95
2014,12515,Ulster,346,55,291,102,244,7,8,22,29,29,37,5,8,66,131,71,139
2014,12516,Columbia,362,102,260,98,264,8,10,28,39,36,49,7,11,58,134,65,145
2014,12517,Columbia,128,12,116,57,71,2,2,7,7,9,9,1,4,47,84,48,88
2014,12518,Orange,581,87,494,166,415,9,11,42,52,51,63,20,41,110,198,130,239
2014,12520,Orange,310,31,279,84,226,2,2,37,47,39,49,3,4,57,87,60,91
2014,12521,Columbia,357,48,309,113,244,5,6,27,34,32,40,13,28,108,203,121,231
2014,12522,Dutchess,999,158,841,347,652,12,16,82,124,94,140,17,30,220,402,237,432
2014,12523,Columbia,353,52,301,100,253,5,5,19,31,24,36,8,11,81,148,89,159
2014,12524,Dutchess,2750,491,2259,535,2215,80,116,197,352,277,468,63,144,396,746,459,890
2014,12525,Ulster,498,64,434,140,358,8,9,42,51,50,60,13,24,85,161,98,185
2014,12526,Columbia,795,165,630,225,570,19,26,48,61,67,87,17,40,164,297,181,337
2014,12527,Dutchess,110,22,88,33,77,5,7,9,10,14,17,3,8,14,29,17,37
2014,12528,Ulster,2660,546,2114,749,1911,113,139,184,274,297,413,116,233,555,1015,671,1248
2014,12529,Columbia,502,63,439,162,340,6,8,43,55,49,63,5,8,134,242,139,250
2014,12530,Columbia,42,10,32,5,37,4,4,3,6,7,10,2,3,13,61,15,64
2014,12531,Dutchess,466,133,333,117,349,42,58,22,31,64,89,25,45,63,112,88,157
2014,12533,Dutchess,2632,353,2279,803,1829,35,44,177,235,212,279,44,83,375,646,419,729
2014,12534,Columbia,6141,993,5148,1941,4200,151,211,531,728,682,939,227,546,1779,3850,2006,4396
2014,12537,Dutchess,37,2,35,11,26,0,0,1,1,1,1,0,0,11,13,11,13
2014,12538,Dutchess,2329,460,1869,693,1636,66,81,203,285,269,366,79,172,542,1123,621,1295
2014,12540,Dutchess,817,102,715,247,570,10,16,58,73,68,89,14,63,138,228,152,291
2014,12541,Columbia,98,57,41,14,84,18,27,4,6,22,33,19,51,14,22,33,73
2014,12542,Ulster,1123,153,970,329,794,22,27,93,154,115,181,28,71,260,524,288,595
2014,12543,Orange,648,100,548,196,452,12,14,43,56,55,70,17,32,149,296,166,328
2014,12544,Columbia,100,77,23,5,95,10,11,4,12,14,23,18,26,10,25,28,51
2014,12545,Dutchess,745,138,607,224,521,21,24,69,98,90,122,20,42,118,251,138,293
2014,12546,Dutchess,578,68,510,216,362,11,23,49,58,60,81,6,15,117,271,123,286
2014,12547,Ulster,561,92,469,173,388,15,21,38,52,53,73,18,49,116,230,134,279
2014,12548,Ulster,312,52,260,85,227,6,7,24,32,30,39,11,20,70,130,81,150
2014,12549,Orange,1370,236,1134,425,945,34,50,90,138,124,188,41,114,242,437,283,551
2014,12550,Orange,20613,1950,18663,8417,12196,304,423,1704,2339,2008,2762,491,1748,5549,11749,6040,13497
2014,12551,Orange,426,85,341,139,287,15,21,24,33,39,54,26,83,110,207,136,290
2014,12552,Orange,48,5,43,13,35,1,1,6,8,7,9,2,3,4,15,6,18
2014,12553,Orange,4427,581,3846,1489,2938,78,96,305,406,383,502,130,313,924,1678,1054,1991
2014,12555,Orange,2,0,2,0,2,0,0,0,0,0,0,0,0,0,0,0,0
2014,12561,Ulster,2330,380,1950,592,1738,57,74,135,187,192,261,82,160,393,740,475,900
2014,12563,Putnam,872,152,720,293,579,18,20,56,71,74,91,28,51,151,241,179,292
2014,12564,Dutchess,902,178,724,279,623,42,69,87,139,129,208,31,80,128,315,159,395
2014,12565,Columbia,740,164,576,245,495,32,34,51,72,83,106,33,75,195,445,228,520
2014,12566,Ulster,1846,220,1626,618,1228,24,27,133,193,157,220,33,55,342,585,375,640
2014,12567,Dutchess,517,70,447,178,339,12,12,49,69,61,81,12,30,123,237,135,267
2014,12568,Ulster,411,65,346,137,274,8,9,37,57,45,66,7,15,97,177,104,192
2014,12569,Dutchess,1623,328,1295,451,1172,39,42,104,145,143,187,59,121,302,578,361,699
2014,12570,Dutchess,633,86,547,193,440,10,11,34,48,44,59,11,23,89,155,100,178
2014,12571,Dutchess,1360,267,1093,351,1009,31,44,77,116,108,160,47,105,246,465,293,570
2014,12572,Dutchess,1359,385,974,294,1065,59,70,97,166,156,236,60,129,235,497,295,626
2014,12574,Dutchess,60,19,41,12,48,2,5,6,9,8,14,2,3,10,33,12,36
2014,12575,Orange,224,36,188,66,158,2,2,16,26,18,28,4,7,45,75,49,82
2014,12577,Orange,224,28,196,62,162,2,2,13,25,15,27,4,54,37,70,41,124
2014,12578,Dutchess,303,47,256,105,198,3,5,18,26,21,31,7,17,67,118,74,135
2014,12580,Dutchess,792,239,553,194,598,40,44,57,84,97,128,46,99,166,384,212,483
2014,12581,Dutchess,355,49,306,110,245,13,24,18,27,31,51,15,76,81,149,96,225
2014,12582,Dutchess,653,62,591,119,534,4,8,35,49,39,57,11,17,66,109,77,126
2014,12583,Dutchess,444,57,387,140,304,3,4,23,31,26,35,8,14,85,129,93,143
2014,12584,Orange,104,28,76,32,72,2,2,4,16,6,18,4,6,27,53,31,59
2014,12585,Dutchess,131,25,106,39,92,4,5,7,7,11,12,2,2,20,29,22,31
2014,12586,Orange,2640,306,2334,970,1670,34,48,201,282,235,330,56,124,566,1142,622,1266
2014,12588,Ulster,63,6,57,18,45,0,0,7,11,7,11,0,0,12,19,12,19
2014,12589,Ulster,2403,257,2146,744,1659,41,62,164,225,205,287,46,108,481,885,527,993
2014,12590,Dutchess,5671,778,4893,1896,3775,107,139,448,628,555,767,153,346,1018,1842,1171,2188
2014,12592,Dutchess,244,44,200,83,161,3,9,18,24,21,33,0,0,50,95,50,95
2014,12593,Columbia,1,0,1,0,1,0,0,0,0,0,0,0,0,0,0,0,0
2014,12594,Dutchess,859,88,771,312,547,10,15,55,73,65,88,6,37,166,307,172,344
2014,12601,Dutchess,16198,2259,13939,6069,10129,370,499,1605,2366,1975,2865,611,1556,4752,10621,5363,12177
2014,12602,Dutchess,357,65,292,94,263,12,13,29,49,41,62,20,45,108,269,128,314
2014,12603,Dutchess,7367,1148,6219,2430,4937,144,187,524,747,668,934,238,466,1682,3263,1920,3729
2014,12604,Dutchess,14,1,13,3,11,1,1,0,0,1,1,0,0,1,1,1,1
2014,12701,Sullivan,5534,875,4659,1918,3616,123,153,444,599,567,752,180,381,1503,3320,1683,3701
2014,12719,Sullivan,213,23,190,61,152,3,4,31,46,34,50,5,8,60,128,65,136
2014,12720,Sullivan,45,8,37,16,29,0,0,0,0,0,0,0,0,9,13,9,13
2014,12721,Sullivan,1457,154,1303,575,882,25,30,118,169,143,199,26,52,285,473,311,525
2014,12722,Sullivan,130,14,116,43,87,3,6,13,16,16,22,5,62,34,58,39,120
2014,12723,Sullivan,263,55,208,69,194,5,5,20,23,25,28,6,14,70,133,76,147
2014,12724,Sullivan,48,4,44,13,35,1,2,5,6,6,8,1,4,15,23,16,27
2014,12725,Ulster,45,8,37,14,31,2,2,2,2,4,4,2,2,8,14,10,16
2014,12726,Sullivan,187,38,149,57,130,2,3,8,8,10,11,9,25,54,112,63,137
2014,12727,Sullivan,2,0,2,0,2,0,0,0,0,0,0,0,0,0,0,0,0
2014,12729,Orange,592,68,524,229,363,11,16,51,64,62,80,9,20,182,355,191,375
2014,12732,Sullivan,132,24,108,40,92,1,3,9,27,10,30,0,0,32,55,32,55
2014,12733,Sullivan,1021,40,981,554,467,3,5,86,106,89,111,5,17,111,189,116,206
2014,12734,Sullivan,338,54,284,112,226,6,8,21,33,27,41,8,12,91,145,99,157
2014,12736,Sullivan,16,2,14,3,13,0,0,1,1,1,1,1,1,3,3,4,4
2014,12737,Sullivan,357,42,315,125,232,8,11,22,32,30,43,11,50,108,237,119,287
2014,12738,Sullivan,77,13,64,33,44,2,5,8,9,10,14,2,3,11,13,13,16
2014,12740,Sullivan,325,43,282,108,217,3,3,20,33,23,36,11,21,76,156,87,177
2014,12741,Sullivan,52,7,45,14,38,0,0,4,4,4,4,2,5,11,20,13,25
2014,12742,Sullivan,451,136,315,113,338,18,25,33,54,51,79,23,42,70,142,93,184
2014,12743,Sullivan,61,13,48,17,44,1,1,6,7,7,8,1,1,8,11,9,12
2014,12745,Sullivan,43,9,34,15,28,0,0,3,3,3,3,1,1,8,16,9,17
2014,12746,Orange,247,39,208,72,175,7,7,20,25,27,32,5,17,85,159,90,176
2014,12747,Sullivan,533,54,479,197,336,1,1,42,55,43,56,7,17,153,292,160,309
2014,12748,Sullivan,480,100,380,125,355,15,21,43,52,58,73,24,69,112,245,136,314
2014,12749,Sullivan,121,30,91,42,79,4,4,3,5,7,9,5,8,21,41,26,49
2014,12750,Sullivan,55,9,46,20,35,0,0,6,6,6,6,1,1,20,35,21,36
2014,12751,Sullivan,816,30,786,486,330,1,1,81,99,82,100,7,12,117,201,124,213
2014,12752,Sullivan,73,14,59,17,56,2,2,6,7,8,9,4,8,20,38,24,46
2014,12754,Sullivan,3119,673,2446,1122,1997,109,135,213,268,322,403,170,417,817,1706,987,2123
2014,12758,Sullivan,1106,182,924,343,763,14,17,76,94,90,111,21,34,258,495,279,529
2014,12759,Sullivan,1158,227,931,418,740,35,47,68,84,103,131,48,78,338,643,386,721
2014,12760,Delaware,101,22,79,25,76,1,1,6,7,7,8,3,7,30,57,33,64
2014,12762,Sullivan,193,28,165,71,122,2,4,20,21,22,25,3,4,60,107,63,111
2014,12763,Sullivan,230,33,197,84,146,3,3,22,28,25,31,3,6,46,69,49,75
2014,12764,Sullivan,375,102,273,95,280,17,29,27,37,44,66,31,91,101,203,132,294
2014,12765,Sullivan,157,19,138,56,101,3,3,14,16,17,19,2,3,53,83,55,86
2014,12766,Sullivan,118,16,102,41,77,1,1,8,10,9,11,1,1,43,108,44,109
2014,12767,Sullivan,9,0,9,4,5,0,0,3,4,3,4,0,0,3,10,3,10
2014,12768,Sullivan,196,29,167,52,144,0,0,18,22,18,22,3,3,53,114,56,117
2014,12769,Sullivan,43,10,33,12,31,0,0,0,0,0,0,3,9,9,28,12,37
2014,12770,Sullivan,58,7,51,12,46,2,6,3,3,5,9,1,2,21,46,22,48
2014,12771,Orange,4885,641,4244,1757,3128,94,140,417,610,511,750,143,300,1773,4232,1916,4532
2014,12775,Sullivan,438,58,380,130,308,11,12,35,38,46,50,7,9,94,149,101,158
2014,12776,Delaware,512,121,391,135,377,16,19,21,25,37,44,15,32,107,199,122,231
2014,12777,Sullivan,93,16,77,24,69,3,3,3,3,6,6,5,6,26,69,31,75
2014,12778,Sullivan,206,31,175,62,144,2,5,21,30,23,35,6,15,51,96,57,111
2014,12779,Sullivan,1277,120,1157,571,706,17,21,112,127,129,148,27,54,393,711,420,765
2014,12780,Orange,531,71,460,184,347,10,12,47,67,57,79,15,23,178,389,193,412
2014,12781,Sullivan,55,11,44,13,42,3,4,5,6,8,10,3,13,7,15,10,28
2014,12783,Sullivan,459,72,387,166,293,8,16,32,44,40,60,15,31,116,229,131,260
2014,12784,Sullivan,74,15,59,23,51,2,3,4,5,6,8,2,8,13,16,15,24
2014,12785,Sullivan,196,21,175,59,137,2,3,13,16,15,19,3,19,36,52,39,71
2014,12786,Sullivan,131,23,108,46,85,2,2,8,8,10,10,0,0,25,44,25,44
2014,12787,Sullivan,130,23,107,49,81,2,3,15,19,17,22,2,2,32,65,34,67
2014,12788,Sullivan,728,68,660,208,520,4,6,38,49,42,55,9,10,152,271,161,281
2014,12789,Sullivan,700,102,598,255,445,10,14,58,84,68,98,15,26,158,293,173,319
2014,12790,Sullivan,1079,175,904,336,743,15,21,78,116,93,137,15,51,214,406,229,457
2014,12791,Sullivan,153,20,133,52,101,0,0,13,18,13,18,2,4,48,83,50,87
2014,12792,Sullivan,114,20,94,34,80,5,8,10,14,15,22,1,1,27,64,28,65
2014,12801,Warren,4924,1118,3806,1462,3462,180,261,445,664,625,925,248,588,1112,2548,1360,3136
2014,12803,Saratoga,1721,330,1391,559,1162,37,42,143,192,180,234,61,149,323,583,384,732
2014,12804,Warren,4912,1015,3897,1556,3356,113,171,400,569,513,740,177,401,924,1676,1101,2077
2014,12808,Warren,32,7,25,3,29,3,7,2,2,5,9,2,4,5,16,7,20
2014,12809,Washington,843,187,656,290,553,21,26,55,79,76,105,28,57,142,221,170,278
2014,12810,Warren,168,30,138,61,107,0,0,11,11,11,11,5,5,17,24,22,29
2014,12811,Warren,87,12,75,42,45,2,2,8,8,10,10,0,0,9,11,9,11
2014,12812,Hamilton,18,3,15,6,12,0,0,0,0,0,0,0,0,2,2,2,2
2014,12814,Warren,224,40,184,46,178,7,9,18,23,25,32,3,8,31,53,34,61
2014,12815,Warren,220,27,193,83,137,2,4,14,19,16,23,1,2,39,66,40,68
2014,12816,Washington,1007,213,794,327,680,29,53,49,70,78,123,20,38,107,159,127,197
2014,12817,Warren,474,71,403,158,316,8,9,34,48,42,57,13,21,73,131,86,152
2014,12819,Washington,97,16,81,24,73,0,0,7,7,7,7,5,8,22,42,27,50
2014,12820,Warren,15,2,13,6,9,0,0,1,1,1,1,0,0,6,11,6,11
2014,12821,Washington,623,36,587,29,594,2,2,12,14,14,16,2,3,25,94,27,97
2014,12822,Saratoga,1784,316,1468,594,1190,42,58,124,172,166,230,74,158,363,653,437,811
2014,12823,Washington,65,7,58,24,41,1,1,2,2,3,3,2,2,10,16,12,18
2014,12824,Warren,102,20,82,24,78,0,0,2,8,2,8,1,1,12,16,13,17
2014,12827,Washington,842,136,706,291,551,14,23,62,77,76,100,12,28,164,258,176,286
2014,12828,Saratoga,2678,463,2215,927,1751,58,84,222,301,280,385,73,165,577,1083,650,1248
2014,12831,Saratoga,2490,396,2094,797,1693,44,62,194,277,238,339,67,149,392,774,459,923
2014,12832,Washington,1928,384,1544,630,1298,43,53,131,186,174,239,57,99,315,570,372,669
2014,12833,Saratoga,800,129,671,230,570,16,23,55,82,71,105,23,39,185,374,208,413
2014,12834,Washington,1153,191,962,392,761,25,35,76,87,101,122,21,33,162,267,183,300
2014,12835,Saratoga,745,121,624,240,505,16,20,56,69,72,89,16,36,152,277,168,313
2014,12836,Warren,114,21,93,34,80,2,2,11,18,13,20,3,6,26,87,29,93
2014,12837,Washington,217,34,183,82,135,3,7,23,26,26,33,5,14,37,61,42,75
2014,12838,Washington,130,21,109,39,91,2,2,7,7,9,9,1,3,14,26,15,29
2014,12839,Washington,4346,718,3628,1577,2769,97,124,346,492,443,616,128,282,1057,2173,1185,2455
2014,12841,Washington,3,0,3,0,3,0,0,0,0,0,0,0,0,0,0,0,0
2014,12842,Hamilton,174,43,131,38,136,0,0,12,12,12,12,1,1,17,22,18,23
2014,12843,Warren,157,21,136,51,106,4,4,16,21,20,25,0,0,18,28,18,28
2014,12844,Washington,11,5,6,1,10,0,0,0,0,0,0,1,1,2,7,3,8
2014,12845,Warren,1025,203,822,228,797,28,36,65,88,93,124,37,133,178,357,215,490
2014,12846,Warren,815,125,690,269,546,15,18,70,91,85,109,18,30,163,300,181,330
2014,12847,Hamilton,123,17,106,45,78,1,1,8,9,9,10,3,6,14,20,17,26
2014,12848,Washington,21,5,16,7,14,0,0,1,1,1,1,0,0,2,2,2,2
2014,12849,Washington,110,15,95,35,75,0,0,11,15,11,15,2,2,14,24,16,26
2014,12850,Saratoga,517,63,454,174,343,9,12,44,58,53,70,11,34,102,158,113,192
2014,12851,Essex,103,16,87,35,68,0,0,7,11,7,11,1,1,18,29,19,30
2014,12852,Essex,68,8,60,27,41,1,1,6,6,7,7,1,1,6,8,7,9
2014,12853,Warren,422,94,328,133,289,16,20,28,48,44,68,18,37,64,120,82,157
2014,12854,Washington,82,20,62,27,55,0,0,4,4,4,4,5,7,14,27,19,34
2014,12855,Essex,50,8,42,15,35,0,0,2,2,2,2,1,3,15,20,16,23
2014,12856,Warren,44,8,36,12,32,0,0,0,0,0,0,0,0,2,3,2,3
2014,12857,Essex,106,26,80,27,79,0,0,8,10,8,10,4,6,8,16,12,22
2014,12858,Essex,13,3,10,3,10,0,0,0,0,0,0,0,0,3,6,3,6
2014,12859,Saratoga,475,65,410,161,314,9,11,32,41,41,52,16,26,104,197,120,223
2014,12860,Warren,245,35,210,89,156,4,4,16,19,20,23,3,10,31,59,34,69
2014,12861,Washington,92,11,81,37,55,2,5,7,11,9,16,5,16,32,70,37,86
2014,12862,Warren,23,4,19,7,16,0,0,0,0,0,0,0,0,2,2,2,2
2014,12863,Saratoga,117,19,98,30,87,2,2,11,22,13,24,5,7,16,32,21,39
2014,12864,Hamilton,6,2,4,0,6,0,0,0,0,0,0,0,0,1,1,1,1
2014,12865,Washington,880,120,760,321,559,14,20,69,81,83,101,11,25,126,230,137,255
2014,12866,Saratoga,5272,1206,4066,1252,4020,163,237,370,578,533,815,257,723,935,1957,1192,2680
2014,12870,Essex,408,60,348,147,261,4,4,25,41,29,45,10,13,53,104,63,117
2014,12871,Saratoga,848,110,738,300,548,13,15,67,93,80,108,16,37,134,247,150,284
2014,12872,Essex,11,5,6,0,11,1,1,0,0,1,1,3,5,1,1,4,6
2014,12873,Washington,112,25,87,35,77,0,0,14,19,14,19,1,1,17,38,18,39
2014,12874,Warren,8,1,7,2,6,0,0,2,3,2,3,0,0,3,6,3,6
2014,12878,Warren,137,34,103,33,104,7,10,7,10,14,20,4,15,14,18,18,33
2014,12883,Essex,1481,270,1211,511,970,20,30,95,115,115,145,94,252,493,1027,587,1279
2014,12884,Saratoga,166,19,147,73,93,2,2,14,19,16,21,2,7,31,42,33,49
2014,12885,Warren,1389,295,1094,433,956,37,44,123,150,160,194,45,87,213,350,258,437
2014,12886,Warren,65,11,54,19,46,0,0,6,12,6,12,0,0,14,67,14,67
2014,12887,Washington,1515,252,1263,550,965,24,37,98,119,122,156,36,79,318,571,354,650
2014,12901,Clinton,9753,2052,7701,2748,7005,327,431,686,905,1013,1336,422,870,2639,5847,3061,6717
2014,12903,Clinton,238,93,145,49,189,13,17,13,25,26,42,24,53,26,51,50,104
2014,12910,Clinton,716,122,594,182,534,21,24,48,57,69,81,21,37,142,284,163,321
2014,12911,Clinton,10,0,10,3,7,0,0,0,0,0,0,0,0,1,1,1,1
2014,12912,Clinton,578,134,444,159,419,16,20,44,53,60,73,27,62,149,309,176,371
2014,12913,Essex,210,43,167,68,142,5,7,12,19,17,26,12,38,48,92,60,130
2014,12914,Franklin,339,54,285,124,215,9,15,18,23,27,38,12,23,80,133,92,156
2014,12915,Franklin,37,7,30,9,28,1,1,0,0,1,1,3,3,11,20,14,23
2014,12916,Franklin,779,132,647,266,513,23,31,56,62,79,93,36,66,196,326,232,392
2014,12917,Franklin,383,61,322,114,269,7,8,37,41,44,49,9,19,76,117,85,136
2014,12918,Clinton,435,71,364,148,287,8,8,25,35,33,43,15,22,114,198,129,220
2014,12919,Clinton,947,215,732,295,652,25,35,55,67,80,102,38,68,193,322,231,390
2014,12920,Franklin,637,122,515,203,434,20,27,45,65,65,92,14,25,133,279,147,304
2014,12921,Clinton,509,76,433,161,348,12,28,44,54,56,82,16,22,147,259,163,281
2014,12922,St Lawrence,11,2,9,1,10,0,0,0,0,0,0,1,2,1,1,2,3
2014,12923,Clinton,142,41,101,36,106,5,5,8,8,13,13,3,5,19,32,22,37
2014,12924,Clinton,58,6,52,21,37,0,0,5,5,5,5,3,4,19,36,22,40
2014,12926,Franklin,690,130,560,205,485,19,22,54,87,73,109,26,57,160,312,186,369
2014,12927,St Lawrence,22,6,16,5,17,2,3,1,2,3,5,2,4,7,9,9,13
2014,12928,Essex,517,99,418,159,358,5,9,42,61,47,70,15,29,134,268,149,297
2014,12929,Clinton,935,72,863,136,799,3,3,35,47,38,50,3,5,104,173,107,178
2014,12930,Franklin,137,30,107,44,93,6,6,8,12,14,18,4,7,19,34,23,41
2014,12932,Essex,329,76,253,91,238,10,14,28,43,38,57,19,53,102,305,121,358
2014,12933,Clinton,17,2,15,3,14,1,2,2,3,3,5,0,0,5,5,5,5
2014,12934,Clinton,297,69,228,95,202,8,11,18,24,26,35,10,22,55,113,65,135
2014,12935,Clinton,469,102,367,144,325,14,18,25,29,39,47,15,31,110,191,125,222
2014,12936,Essex,184,18,166,67,117,0,0,9,12,9,12,3,5,60,108,63,113
2014,12937,Franklin,476,99,377,152,324,20,28,39,55,59,83,16,21,92,200,108,221
2014,12939,Franklin,63,9,54,18,45,2,2,3,3,5,5,2,6,16,21,18,27
2014,12941,Essex,212,36,176,58,154,5,5,19,25,24,30,8,25,51,87,59,112
2014,12942,Essex,106,11,95,32,74,2,2,8,13,10,15,2,2,27,56,29,58
2014,12943,Essex,78,18,60,15,63,5,6,3,7,8,13,6,16,15,38,21,54
2014,12944,Essex,1331,310,1021,394,937,36,43,93,128,129,171,53,99,350,724,403,823
2014,12945,Franklin,97,13,84,28,69,0,0,1,1,1,1,2,4,11,15,13,19
2014,12946,Essex,972,218,754,239,733,37,43,48,65,85,108,56,147,262,533,318,680
2014,12949,St Lawrence,22,2,20,12,10,0,0,1,1,1,1,0,0,6,7,6,7
2014,12950,Essex,265,52,213,95,170,6,7,18,23,24,30,16,34,93,214,109,248
2014,12952,Clinton,189,49,140,45,144,9,14,14,22,23,36,12,24,40,70,52,94
2014,12953,Franklin,5130,936,4194,1140,3990,148,198,325,443,473,641,176,430,1022,2335,1198,2765
2014,12955,Clinton,82,13,69,30,52,1,1,2,2,3,3,1,1,15,24,16,25
2014,12956,Essex,410,70,340,139,271,9,10,23,30,32,40,17,31,110,272,127,303
2014,12957,Franklin,653,102,551,236,417,14,16,52,69,66,85,20,29,134,211,154,240
2014,12958,Clinton,541,121,420,175,366,17,23,38,47,55,70,24,36,123,238,147,274
2014,12959,Clinton,384,73,311,119,265,4,4,28,34,32,38,12,17,88,136,100,153
2014,12960,Essex,173,39,134,52,121,3,4,10,12,13,16,8,13,50,136,58,149
2014,12961,Essex,43,12,31,6,37,2,2,1,1,3,3,3,9,7,17,10,26
2014,12962,Clinton,1162,236,926,378,784,38,47,74,115,112,162,31,61,252,446,283,507
2014,12964,Essex,17,4,13,3,14,2,2,1,1,3,3,2,11,4,6,6,17
2014,12965,St Lawrence,178,24,154,66,112,7,12,13,17,20,29,9,15,43,95,52,110
2014,12966,Franklin,938,169,769,322,616,23,27,84,103,107,130,31,63,196,361,227,424
2014,12967,St Lawrence,427,57,370,145,282,5,7,40,58,45,65,15,28,132,261,147,289
2014,12969,Franklin,95,27,68,22,73,2,2,9,16,11,18,2,2,21,37,23,39
2014,12970,Franklin,25,3,22,6,19,0,0,0,0,0,0,0,0,2,2,2,2
2014,12972,Clinton,1252,213,1039,406,846,26,30,75,93,101,123,44,94,299,570,343,664
2014,12973,St Lawrence,36,5,31,12,24,0,0,4,5,4,5,0,0,8,13,8,13
2014,12974,Essex,634,262,372,120,514,22,28,29,39,51,67,62,158,113,259,175,417
2014,12975,Essex,33,10,23,7,26,1,1,1,1,2,2,2,3,7,7,9,10
2014,12976,Franklin,18,2,16,4,14,0,0,0,0,0,0,1,3,7,15,8,18
2014,12977,Essex,138,5,133,5,133,0,0,5,18,5,18,0,0,9,30,9,30
2014,12978,Clinton,116,16,100,44,72,1,3,8,13,9,16,2,2,27,68,29,70
2014,12979,Clinton,625,128,497,193,432,16,20,53,77,69,97,25,46,152,308,177,354
2014,12980,Franklin,436,92,344,127,309,12,15,26,37,38,52,17,27,89,147,106,174
2014,12981,Clinton,466,86,380,152,314,13,15,26,41,39,56,9,13,94,187,103,200
2014,12983,Franklin,1586,275,1311,448,1138,34,45,141,185,175,230,71,197,475,959,546,1156
2014,12985,Clinton,360,64,296,126,234,8,13,27,36,35,49,5,6,101,177,106,183
2014,12986,Franklin,1142,311,831,305,837,41,50,80,103,121,153,64,126,226,466,290,592
2014,12987,Essex,58,14,44,11,47,1,1,2,2,3,3,4,6,11,22,15,28
2014,12989,Franklin,134,25,109,42,92,2,2,8,10,10,12,2,3,29,62,31,65
2014,12992,Clinton,1281,259,1022,395,886,35,41,92,121,127,162,41,89,327,657,368,746
2014,12993,Essex,338,70,268,96,242,9,12,18,26,27,38,14,34,85,186,99,220
2014,12995,Franklin,13,6,7,2,11,0,0,1,1,1,1,0,0,1,6,1,6
2014,12996,Essex,400,99,301,105,295,11,14,17,18,28,32,12,22,81,117,93,139
2014,12997,Essex,235,42,193,64,171,4,5,13,13,17,18,5,16,55,80,60,96
2014,12998,Essex,247,42,205,86,161,4,4,28,38,32,42,14,26,82,164,96,190
2014,13020,Onondaga,57,5,52,29,28,1,1,4,4,5,5,0,0,9,12,9,12
2014,13021,Cayuga,11831,1985,9846,3822,8009,349,497,951,1415,1300,1912,540,1446,3096,6720,3636,8166
2014,13022,Cayuga,33,0,33,0,33,0,0,2,4,2,4,0,0,4,9,4,9
2014,13024,Cayuga,129,8,121,9,120,1,1,2,5,3,6,0,0,6,9,6,9
2014,13026,Cayuga,231,30,201,83,148,5,7,25,27,30,34,4,16,33,67,37,83
2014,13027,Onondaga,4895,751,4144,1708,3187,88,113,332,443,420,556,99,212,723,1376,822,1588
2014,13028,Oswego,343,35,308,128,215,4,4,29,41,33,45,3,7,54,90,57,97
2014,13029,Onondaga,1208,157,1051,450,758,18,22,93,114,111,136,28,59,188,365,216,424
2014,13030,Madison,812,89,723,272,540,12,16,67,98,79,114,6,10,145,373,151,383
2014,13031,Onondaga,1895,280,1615,652,1243,29,47,139,177,168,224,38,99,309,561,347,660
2014,13032,Madison,3267,447,2820,1162,2105,53,74,220,285,273,359,79,165,963,2052,1042,2217
2014,13033,Cayuga,919,108,811,358,561,8,13,60,81,68,94,15,49,177,310,192,359
2014,13034,Cayuga,317,57,260,108,209,7,7,18,22,25,29,11,21,57,107,68,128
2014,13035,Madison,839,124,715,248,591,10,16,49,64,59,80,22,41,135,189,157,230
2014,13036,Oswego,2104,309,1795,748,1356,32,50,143,176,175,226,38,91,301,509,339,600
2014,13037,Madison,1694,278,1416,546,1148,26,38,109,140,135,178,43,71,316,607,359,678
2014,13039,Onondaga,1982,321,1661,639,1343,43,50,137,208,180,258,40,89,307,599,347,688
2014,13040,Cortland,802,116,686,279,523,7,9,71,81,78,90,11,27,157,257,168,284
2014,13041,Onondaga,1474,149,1325,558,916,16,21,97,144,113,165,16,33,226,377,242,410
2014,13042,Oneida,605,89,516,209,396,7,8,36,39,43,47,11,18,117,193,128,211
2014,13043,Madison,11,3,8,0,11,0,0,1,2,1,2,0,0,2,2,2,2
2014,13044,Oswego,588,86,502,185,403,7,9,38,53,45,62,12,20,89,134,101,154
2014,13045,Cortland,7967,1379,6588,2539,5428,237,316,653,968,890,1284,260,744,1641,3642,1901,4386
2014,13051,Onondaga,35,5,30,8,27,1,1,5,5,6,6,0,0,3,6,3,6
2014,13052,Madison,470,62,408,191,279,8,10,27,29,35,39,6,18,66,101,72,119
2014,13053,Tompkins,1083,147,936,369,714,23,31,105,143,128,174,31,78,197,381,228,459
2014,13054,Oneida,325,34,291,122,203,4,6,31,42,35,48,6,25,80,142,86,167
2014,13056,Cortland,4,0,4,2,2,0,0,0,0,0,0,0,0,0,0,0,0
2014,13057,Onondaga,2987,526,2461,968,2019,64,91,225,303,289,394,75,153,525,1026,600,1179
2014,13060,Onondaga,596,81,515,211,385,10,15,46,54,56,69,18,35,119,210,137,245
2014,13061,Madison,170,19,151,63,107,2,4,15,17,17,21,4,10,33,53,37,63
2014,13062,Tompkins,47,8,39,14,33,2,2,5,6,7,8,1,3,11,19,12,22
2014,13063,Onondaga,269,16,253,117,152,2,4,27,30,29,34,1,2,37,63,38,65
2014,13064,Cayuga,58,7,51,16,42,2,3,4,4,6,7,1,3,8,12,9,15
2014,13065,Seneca,39,5,34,9,30,0,0,0,0,0,0,0,0,8,9,8,9
2014,13066,Onondaga,1016,168,848,266,750,15,17,62,78,77,95,23,54,117,204,140,258
2014,13068,Tompkins,1216,151,1065,466,750,16,20,107,131,123,151,21,51,192,370,213,421
2014,13069,Oswego,9416,1143,8273,3507,5909,169,239,812,1086,981,1325,221,592,1759,3408,1980,4000
2014,13071,Cayuga,228,24,204,76,152,2,2,18,28,20,30,1,1,51,117,52,118
2014,13072,Madison,239,36,203,73,166,3,5,20,24,23,29,7,8,71,122,78,130
2014,13073,Tompkins,1521,206,1315,531,990,22,24,126,179,148,203,27,48,242,438,269,486
2014,13074,Oswego,1532,138,1394,573,959,15,19,125,175,140,194,32,77,313,595,345,672
2014,13076,Oswego,544,65,479,168,376,7,9,41,55,48,64,11,15,86,135,97,150
2014,13077,Cortland,1620,198,1422,627,993,21,24,128,176,149,200,26,62,274,465,300,527
2014,13078,Onondaga,1279,221,1058,288,991,22,27,97,128,119,155,22,35,210,437,232,472
2014,13080,Onondaga,646,106,540,212,434,11,13,39,54,50,67,14,30,100,191,114,221
2014,13081,Cayuga,191,25,166,68,123,2,4,8,8,10,12,3,5,22,30,25,35
2014,13082,Madison,949,169,780,333,616,16,20,67,105,83,125,18,40,178,318,196,358
2014,13083,Oswego,479,50,429,170,309,6,10,40,69,46,79,9,13,84,192,93,205
2014,13084,Onondaga,715,85,630,274,441,7,11,56,72,63,83,9,28,128,254,137,282
2014,13087,Cortland,42,8,34,13,29,0,0,2,4,2,4,0,0,7,12,7,12
2014,13088,Onondaga,3910,547,3363,1307,2603,58,74,291,395,349,469,73,155,637,1237,710,1392
2014,13089,Onondaga,44,4,40,16,28,0,0,4,6,4,6,0,0,6,8,6,8
2014,13090,Onondaga,4687,462,4225,1802,2885,55,69,360,453,415,522,71,154,713,1336,784,1490
2014,13092,Cayuga,620,73,547,228,392,10,13,52,63,62,76,12,30,89,178,101,208
2014,13093,Oswego,23,2,21,8,15,0,0,2,2,2,2,0,0,6,16,6,16
2014,13101,Cortland,757,101,656,288,469,12,23,34,44,46,67,11,37,117,208,128,245
2014,13102,Tompkins,68,11,57,21,47,1,2,10,12,11,14,1,1,13,20,14,21
2014,13103,Oswego,218,22,196,87,131,4,4,14,16,18,20,4,5,25,55,29,60
2014,13104,Onondaga,1338,224,1114,394,944,28,31,83,126,111,157,32,65,166,288,198,353
2014,13107,Oswego,3,0,3,0,3,0,0,0,0,0,0,0,0,1,1,1,1
2014,13108,Onondaga,754,90,664,269,485,8,11,59,73,67,84,7,18,98,181,105,199
2014,13110,Onondaga,286,37,249,87,199,1,2,16,19,17,21,1,1,44,62,45,63
2014,13111,Cayuga,605,67,538,234,371,4,5,47,74,51,79,6,8,105,162,111,170
2014,13112,Onondaga,278,31,247,102,176,5,12,22,22,27,34,4,12,39,75,43,87
2014,13113,Cayuga,45,9,36,17,28,2,2,1,1,3,3,3,8,6,7,9,15
2014,13114,Oswego,1894,234,1660,671,1223,42,68,170,260,212,328,58,169,363,765,421,934
2014,13115,Oswego,60,7,53,20,40,0,0,1,1,1,1,1,2,6,9,7,11
2014,13116,Onondaga,578,119,459,201,377,14,20,46,63,60,83,11,23,68,117,79,140
2014,13117,Cayuga,57,12,45,15,42,3,4,7,13,10,17,4,10,8,20,12,30
2014,13118,Cayuga,1528,233,1295,443,1085,30,48,98,135,128,183,31,67,202,369,233,436
2014,13119,Onondaga,20,4,16,3,17,0,0,3,3,3,3,0,0,3,3,3,3
2014,13120,Onondaga,757,65,692,312,445,9,12,94,119,103,131,18,33,194,385,212,418
2014,13121,Oswego,60,9,51,21,39,2,2,6,9,8,11,3,5,11,12,14,17
2014,13122,Madison,181,24,157,65,116,2,12,6,8,8,20,2,7,24,36,26,43
2014,13123,Oneida,120,20,100,39,81,1,2,8,9,9,11,3,4,23,34,26,38
2014,13124,Chenango,41,6,35,13,28,0,0,6,8,6,8,1,1,12,25,13,26
2014,13126,Oswego,9654,1554,8100,3179,6475,245,363,835,1138,1080,1501,354,905,2708,5748,3062,6653
2014,13131,Oswego,1147,122,1025,407,740,15,22,81,100,96,122,23,59,165,276,188,335
2014,13132,Oswego,970,107,863,329,641,12,14,73,94,85,108,16,37,135,218,151,255
2014,13134,Madison,22,4,18,5,17,2,2,3,4,5,6,1,1,5,7,6,8
2014,13135,Oswego,1746,192,1554,635,1111,18,25,131,191,149,216,29,56,264,457,293,513
2014,13136,Chenango,172,15,157,64,108,2,4,14,16,16,20,2,4,34,58,36,62
2014,13137,Onondaga,29,3,26,10,19,0,0,3,5,3,5,2,4,5,14,7,18
2014,13138,Onondaga,32,4,28,12,20,1,7,4,4,5,11,0,0,5,7,5,7
2014,13139,Cayuga,12,1,11,6,6,0,0,0,0,0,0,0,0,2,3,2,3
2014,13140,Cayuga,1219,159,1060,442,777,22,29,88,122,110,151,38,78,296,551,334,629
2014,13141,Cortland,204,26,178,83,121,4,4,11,15,15,19,3,4,39,60,42,64
2014,13142,Oswego,1527,223,1304,487,1040,20,23,101,140,121,163,24,44,234,415,258,459
2014,13143,Wayne,896,93,803,355,541,10,13,72,91,82,104,13,21,182,339,195,360
2014,13144,Oswego,476,64,412,177,299,7,14,38,46,45,60,8,12,80,128,88,140
2014,13145,Oswego,570,79,491,212,358,7,10,33,45,40,55,16,32,90,140,106,172
2014,13146,Wayne,642,103,539,239,403,14,14,50,66,64,80,16,35,164,343,180,378
2014,13147,Cayuga,260,24,236,120,140,3,6,27,31,30,37,2,2,52,88,54,90
2014,13148,Seneca,2654,426,2228,917,1737,66,87,218,266,284,353,82,180,620,1113,702,1293
2014,13152,Onondaga,577,113,464,146,431,9,12,45,59,54,71,11,18,62,109,73,127
2014,13153,Onondaga,60,9,51,17,43,0,0,3,3,3,3,0,0,10,12,10,12
2014,13154,Wayne,47,7,40,19,28,1,1,3,5,4,6,0,0,18,35,18,35
2014,13155,Chenango,188,28,160,64,124,3,3,11,12,14,15,3,24,45,74,48,98
2014,13156,Cayuga,379,56,323,121,258,5,8,28,39,33,47,10,19,70,115,80,134
2014,13157,Oneida,197,42,155,49,148,4,5,11,12,15,17,7,26,40,68,47,94
2014,13158,Cortland,485,66,419,184,301,13,16,33,40,46,56,8,18,92,160,100,178
2014,13159,Onondaga,738,79,659,283,455,13,17,47,67,60,84,11,21,106,178,117,199
2014,13160,Cayuga,343,71,272,108,235,3,6,20,22,23,28,9,15,64,112,73,127
2014,13162,Oneida,75,18,57,18,57,3,4,10,13,13,17,5,5,21,45,26,50
2014,13163,Madison,196,16,180,81,115,3,5,17,25,20,30,4,9,55,95,59,104
2014,13164,Onondaga,394,32,362,154,240,2,2,26,39,28,41,3,4,62,106,65,110
2014,13165,Seneca,2889,588,2301,962,1927,91,127,206,265,297,392,107,202,695,1282,802,1484
2014,13166,Cayuga,1241,221,1020,365,876,36,42,68,99,104,141,48,121,255,474,303,595
2014,13167,Oswego,711,74,637,271,440,12,12,60,96,72,108,11,20,101,164,112,184
2014,13201,Onondaga,214,58,156,51,163,10,13,20,31,30,44,16,105,54,131,70,236
2014,13202,Onondaga,4626,492,4134,1480,3146,87,168,532,855,619,1023,154,518,1328,3372,1482,3890
2014,13203,Onondaga,9391,1432,7959,3133,6258,212,306,790,1128,1002,1434,361,1019,2626,6149,2987,7168
2014,13204,Onondaga,13249,1471,11778,5291,7958,212,341,1192,1742,1404,2083,370,1190,4039,9123,4409,10313
2014,13205,Onondaga,11377,2019,9358,4240,7137,335,474,898,1245,1233,1719,451,1031,2856,6295,3307,7326
2014,13206,Onondaga,5800,689,5111,1991,3809,96,134,514,741,610,875,137,409,1394,2844,1531,3253
2014,13207,Onondaga,6043,483,5560,2503,3540,68,95,481,645,549,740,115,311,1710,3777,1825,4088
2014,13208,Onondaga,14376,1336,13040,5361,9015,201,282,1326,1752,1527,2034,337,822,4295,9669,4632,10491
2014,13209,Onondaga,3471,438,3033,1248,2223,61,78,282,367,343,445,74,141,664,1296,738,1437
2014,13210,Onondaga,5582,683,4899,1897,3685,133,191,467,706,600,897,193,489,1343,2840,1536,3329
2014,13211,Onondaga,2273,236,2037,852,1421,16,19,177,258,193,277,29,55,454,971,483,1026
2014,13212,Onondaga,4372,888,3484,1386,2986,122,167,325,462,447,629,135,295,626,1297,761,1592
2014,13214,Onondaga,1635,294,1341,497,1138,33,43,108,155,141,198,43,220,328,664,371,884
2014,13215,Onondaga,1783,574,1209,417,1366,69,99,103,138,172,237,89,187,257,462,346,649
2014,13217,Onondaga,39,10,29,7,32,2,3,1,2,3,5,3,6,8,20,11,26
2014,13218,Onondaga,761,351,410,24,737,87,122,115,310,202,432,132,817,200,1492,332,2309
2014,13219,Onondaga,2403,490,1913,748,1655,60,76,166,233,226,309,55,112,360,645,415,757
2014,13220,Onondaga,66,11,55,20,46,1,2,1,1,2,3,2,3,7,13,9,16
2014,13221,Onondaga,2,1,1,0,2,0,0,0,0,0,0,0,0,0,0,0,0
2014,13224,Onondaga,2996,313,2683,981,2015,46,62,225,324,271,386,71,164,775,1567,846,1731
2014,13225,Onondaga,6,0,6,4,2,0,0,0,0,0,0,0,0,5,9,5,9
2014,13235,Onondaga,21,1,20,2,19,0,0,1,1,1,1,0,0,4,42,4,42
2014,13244,Onondaga,4,0,4,2,2,0,0,0,0,0,0,0,0,1,1,1,1
2014,13252,Onondaga,4,1,3,2,2,0,0,0,0,0,0,0,0,0,0,0,0
2014,13261,Onondaga,4,2,2,0,4,0,0,0,0,0,0,1,4,0,0,1,4
2014,13290,Onondaga,11,6,5,0,11,0,0,0,0,0,0,2,2,1,1,3,3
2014,13301,Oneida,43,8,35,9,34,0,0,3,3,3,3,1,1,7,16,8,17
2014,13302,Oswego,718,72,646,270,448,9,14,66,87,75,101,13,29,127,269,140,298
2014,13303,Oneida,199,17,182,71,128,4,4,18,25,22,29,4,11,49,108,53,119
2014,13304,Oneida,280,34,246,96,184,3,3,19,23,22,26,4,10,45,74,49,84
2014,13305,Lewis,64,10,54,23,41,1,4,2,3,3,7,1,3,14,22,15,25
2014,13308,Oneida,1089,133,956,418,671,11,15,83,110,94,125,16,23,326,634,342,657
2014,13309,Oneida,1495,301,1194,497,998,46,55,77,108,123,163,32,49,336,635,368,684
2014,13310,Madison,207,28,179,82,125,5,7,10,12,15,19,5,22,49,83,54,105
2014,13312,Lewis,57,11,46,17,40,1,1,4,7,5,8,2,8,11,16,13,24
2014,13313,Oneida,285,33,252,105,180,8,10,15,19,23,29,3,7,73,140,76,147
2014,13314,Madison,144,22,122,54,90,5,6,10,10,15,16,3,9,49,94,52,103
2014,13315,Otsego,328,56,272,106,222,6,6,30,37,36,43,8,16,63,103,71,119
2014,13316,Oneida,1725,233,1492,633,1092,27,40,103,159,130,199,34,88,458,936,492,1024
2014,13317,Montgomery,1038,152,886,365,673,24,25,81,109,105,134,20,33,272,530,292,563
2014,13318,Oneida,253,31,222,90,163,3,8,18,29,21,37,2,7,53,122,55,129
2014,13319,Oneida,328,24,304,146,182,3,3,31,37,34,40,1,1,73,135,74,136
2014,13320,Otsego,445,80,365,144,301,8,8,23,31,31,39,10,23,87,126,97,149
2014,13321,Oneida,369,51,318,136,233,4,6,29,43,33,49,9,15,82,158,91,173
2014,13322,Oneida,247,41,206,95,152,5,7,11,14,16,21,5,7,57,78,62,85
2014,13323,Oneida,1413,460,953,337,1076,62,79,76,105,138,184,46,101,203,329,249,430
2014,13324,Herkimer,562,92,470,191,371,10,14,29,33,39,47,17,27,87,128,104,155
2014,13325,Lewis,279,38,241,95,184,4,5,17,21,21,26,1,2,67,116,68,118
2014,13326,Otsego,1077,286,791,286,791,49,62,70,106,119,168,49,84,192,409,241,493
2014,13327,Lewis,487,94,393,175,312,5,6,32,42,37,48,8,13,85,143,93,156
2014,13328,Oneida,192,27,165,59,133,6,6,17,22,23,28,3,5,33,51,36,56
2014,13329,Fulton,1187,205,982,407,780,19,23,67,95,86,118,43,75,296,570,339,645
2014,13331,Herkimer,51,9,42,12,39,0,0,4,4,4,4,1,1,3,3,4,4
2014,13332,Madison,698,87,611,263,435,9,11,39,49,48,60,16,32,197,375,213,407
2014,13333,Otsego,40,9,31,12,28,3,4,5,7,8,11,2,2,7,12,9,14
2014,13334,Madison,338,38,300,123,215,5,5,25,34,30,39,7,11,115,218,122,229
2014,13335,Otsego,406,90,316,125,281,10,11,21,23,31,34,9,13,60,85,69,98
2014,13337,Otsego,81,14,67,20,61,2,2,7,8,9,10,1,1,15,26,16,27
2014,13338,Oneida,330,59,271,108,222,7,10,13,19,20,29,15,28,50,102,65,130
2014,13339,Montgomery,2127,330,1797,754,1373,35,49,140,182,175,231,53,86,535,970,588,1056
2014,13340,Herkimer,2027,347,1680,650,1377,46,55,162,200,208,255,51,83,422,750,473,833
2014,13341,Oneida,17,5,12,3,14,0,0,0,0,0,0,0,0,2,2,2,2
2014,13342,Otsego,38,8,30,14,24,3,4,6,10,9,14,3,4,5,12,8,16
2014,13343,Lewis,508,84,424,182,326,13,17,37,49,50,66,8,22,131,227,139,249
2014,13345,Lewis,59,7,52,18,41,1,1,2,2,3,3,2,2,16,23,18,25
2014,13346,Madison,565,93,472,180,385,17,23,41,59,58,82,26,59,146,271,172,330
2014,13348,Otsego,288,49,239,93,195,9,13,28,37,37,50,8,14,70,134,78,148
2014,13350,Herkimer,3602,802,2800,1152,2450,148,192,307,435,455,627,166,368,778,1531,944,1899
2014,13352,Oneida,70,15,55,21,49,0,0,4,9,4,9,2,3,14,24,16,27
2014,13353,Hamilton,17,6,11,6,11,0,0,2,2,2,2,0,0,0,0,0,0
2014,13354,Oneida,652,71,581,250,402,9,14,34,48,43,62,10,51,109,197,119,248
2014,13355,Madison,241,41,200,90,151,3,3,19,26,22,29,6,8,60,94,66,102
2014,13357,Herkimer,3592,632,2960,1263,2329,90,122,248,337,338,459,80,170,784,1342,864,1512
2014,13360,Hamilton,95,7,88,34,61,0,0,12,16,12,16,0,0,14,20,14,20
2014,13361,Herkimer,178,35,143,62,116,6,6,18,19,24,25,2,2,36,53,38,55
2014,13362,Oneida,8,3,5,2,6,1,1,2,2,3,3,1,3,2,2,3,5
2014,13363,Oneida,633,60,573,247,386,8,12,61,74,69,86,7,17,225,442,232,459
2014,13364,Madison,70,6,64,26,44,2,13,6,9,8,22,2,3,18,28,20,31
2014,13365,Herkimer,2772,539,2233,922,1850,74,115,185,233,259,348,129,329,809,1639,938,1968
2014,13367,Lewis,2088,432,1656,724,1364,37,48,134,175,171,223,75,136,502,1140,577,1276
2014,13368,Lewis,439,64,375,158,281,6,8,20,40,26,48,9,11,103,213,112,224
2014,13401,Oneida,24,2,22,10,14,0,0,1,1,1,1,0,0,11,22,11,22
2014,13402,Madison,454,54,400,179,275,8,13,28,37,36,50,19,54,147,278,166,332
2014,13403,Oneida,1238,139,1099,154,1084,15,19,53,78,68,97,12,19,107,185,119,204
2014,13404,Lewis,76,9,67,21,55,1,2,11,11,12,13,0,0,18,44,18,44
2014,13406,Herkimer,162,40,122,44,118,7,11,9,13,16,24,8,18,28,47,36,65
2014,13407,Herkimer,1415,243,1172,479,936,30,43,94,124,124,167,35,88,292,496,327,584
2014,13408,Madison,649,159,490,208,441,29,35,45,59,74,94,39,63,159,265,198,328
2014,13409,Madison,576,54,522,224,352,7,11,29,34,36,45,16,38,166,358,182,396
2014,13410,Montgomery,151,27,124,48,103,5,5,10,15,15,20,4,6,36,79,40,85
2014,13411,Chenango,999,200,799,314,685,30,38,56,73,86,111,29,47,230,411,259,458
2014,13413,Oneida,2051,695,1356,492,1559,93,124,102,151,195,275,103,219,259,463,362,682
2014,13415,Otsego,28,10,18,9,19,2,3,0,0,2,3,4,7,2,3,6,10
2014,13416,Herkimer,484,87,397,160,324,11,12,40,55,51,67,7,9,105,157,112,166
2014,13417,Oneida,815,145,670,278,537,16,27,66,79,82,106,22,48,155,321,177,369
2014,13418,Madison,74,7,67,29,45,1,1,1,1,2,2,1,1,17,29,18,30
2014,13420,Herkimer,266,41,225,79,187,2,4,13,13,15,17,0,0,31,50,31,50
2014,13421,Madison,4305,858,3447,1330,2975,128,171,353,508,481,679,194,413,1408,3679,1602,4092
2014,13424,Oneida,519,143,376,129,390,16,22,36,51,52,73,18,47,102,213,120,260
2014,13425,Oneida,484,92,392,178,306,9,10,40,50,49,60,19,33,108,192,127,225
2014,13426,Oswego,103,22,81,8,95,3,3,18,45,21,48,5,15,20,65,25,80
2014,13428,Montgomery,383,115,268,110,273,17,23,25,34,42,57,21,34,64,118,85,152
2014,13431,Herkimer,382,55,327,145,237,5,6,25,35,30,41,4,10,65,94,69,104
2014,13433,Lewis,709,104,605,263,446,7,8,38,46,45,54,14,23,204,391,218,414
2014,13435,Oneida,56,3,53,22,34,1,1,7,8,8,9,0,0,17,19,17,19
2014,13436,Hamilton,10,1,9,0,10,0,0,0,0,0,0,0,0,0,0,0,0
2014,13437,Oswego,122,24,98,37,85,2,3,7,7,9,10,4,11,16,23,20,34
2014,13438,Oneida,747,97,650,279,468,13,15,43,52,56,67,15,33,126,213,141,246
2014,13439,Otsego,1014,174,840,345,669,18,23,84,96,102,119,18,44,197,323,215,367
2014,13440,Oneida,13151,2336,10815,4415,8736,342,461,1029,1370,1371,1831,595,1468,4102,9243,4697,10711
2014,13441,Oneida,14,0,14,3,11,0,0,2,2,2,2,0,0,4,13,4,13
2014,13442,Oneida,541,222,319,66,475,32,40,27,43,59,83,65,130,96,204,161,334
2014,13449,Oneida,1,0,1,0,1,0,0,0,0,0,0,0,0,0,0,0,0
2014,13450,Otsego,74,8,66,19,55,2,2,8,10,10,12,1,1,16,23,17,24
2014,13452,Fulton,1522,260,1262,526,996,36,52,94,129,130,181,44,97,387,740,431,837
2014,13454,Herkimer,264,43,221,90,174,4,5,18,23,22,28,3,3,65,126,68,129
2014,13455,Oneida,14,6,8,2,12,0,0,1,2,1,2,0,0,0,0,0,0
2014,13456,Oneida,639,97,542,214,425,8,9,44,54,52,63,8,30,105,169,113,199
2014,13457,Otsego,69,17,52,18,51,3,4,6,6,9,10,0,0,15,23,15,23
2014,13459,Schoharie,595,118,477,193,402,16,21,32,41,48,62,9,24,119,210,128,234
2014,13460,Chenango,1404,257,1147,484,920,30,43,114,138,144,181,57,138,378,754,435,892
2014,13461,Oneida,476,104,372,161,315,10,12,35,42,45,54,12,21,96,192,108,213
2014,13464,Chenango,329,65,264,112,217,9,9,16,27,25,36,12,28,87,163,99,191
2014,13465,Madison,1,0,1,1,0,0,0,1,3,1,3,0,0,0,0,0,0
2014,13468,Otsego,112,13,99,44,68,1,1,10,16,11,17,2,3,23,45,25,48
2014,13469,Oneida,142,16,126,60,82,4,4,19,23,23,27,2,3,44,119,46,122
2014,13470,Fulton,202,39,163,63,139,6,8,19,25,25,33,2,3,48,87,50,90
2014,13471,Oneida,1244,142,1102,490,754,18,22,97,123,115,145,25,46,358,706,383,752
2014,13472,Herkimer,19,6,13,3,16,0,0,0,0,0,0,0,0,0,0,0,0
2014,13473,Lewis,190,29,161,66,124,1,2,20,25,21,27,2,6,40,84,42,90
2014,13475,Otsego,28,9,19,7,21,0,0,0,0,0,0,1,1,5,6,6,7
2014,13476,Oneida,775,95,680,283,492,9,9,54,67,63,76,8,15,202,396,210,411
2014,13477,Oneida,310,32,278,122,188,5,5,19,30,24,35,10,29,98,242,108,271
2014,13478,Oneida,576,65,511,230,346,5,6,40,45,45,51,15,22,135,287,150,309
2014,13479,Oneida,25,5,20,4,21,0,0,3,9,3,9,0,0,8,23,8,23
2014,13480,Oneida,859,196,663,270,589,24,29,61,75,85,104,22,65,154,235,176,300
2014,13482,Otsego,21,3,18,4,17,0,0,1,1,1,1,1,1,10,14,11,15
2014,13483,Oneida,113,8,105,48,65,2,2,6,8,8,10,1,1,30,68,31,69
2014,13484,Madison,69,8,61,29,40,1,4,3,4,4,8,1,10,25,52,26,62
2014,13485,Madison,315,47,268,112,203,7,8,20,22,27,30,9,13,71,111,80,124
2014,13486,Oneida,170,20,150,63,107,1,1,13,13,14,14,5,8,29,54,34,62
2014,13488,Otsego,73,11,62,33,40,1,1,8,10,9,11,1,1,14,22,15,23
2014,13489,Lewis,186,23,163,76,110,1,1,13,20,14,21,3,5,45,67,48,72
2014,13490,Oneida,225,33,192,80,145,5,5,12,15,17,20,5,7,45,105,50,112
2014,13491,Herkimer,895,144,751,323,572,18,23,66,86,84,109,15,29,166,262,181,291
2014,13492,Oneida,1807,292,1515,572,1235,40,47,117,146,157,193,47,96,330,568,377,664
2014,13493,Oswego,659,67,592,269,390,8,10,42,55,50,65,12,18,108,189,120,207
2014,13494,Oneida,63,8,55,19,44,1,1,2,2,3,3,2,3,8,15,10,18
2014,13495,Oneida,410,66,344,131,279,9,13,35,53,44,66,6,20,96,173,102,193
2014,13501,Oneida,23880,3436,20444,8751,15129,549,760,1951,2679,2500,3439,694,1554,5398,10651,6092,12205
2014,13502,Oneida,13227,1866,11361,4607,8620,307,425,1195,1741,1502,2166,388,877,3158,6424,3546,7301
2014,13503,Oneida,323,86,237,104,219,7,7,30,46,37,53,22,35,87,180,109,215
2014,13504,Oneida,280,184,96,34,246,36,51,10,13,46,64,31,73,35,71,66,144
2014,13505,Oneida,112,26,86,32,80,2,4,3,3,5,7,6,10,28,56,34,66
2014,13601,Jefferson,13024,2170,10854,4238,8786,338,456,1063,1453,1401,1909,479,930,3968,9364,4447,10294
2014,13602,Jefferson,33,1,32,17,16,0,0,4,4,4,4,0,0,7,19,7,19
2014,13603,Jefferson,195,17,178,90,105,1,1,15,16,16,17,3,5,22,37,25,42
2014,13605,Jefferson,1290,213,1077,467,823,20,30,82,107,102,137,27,53,308,576,335,629
2014,13606,Jefferson,600,75,525,214,386,14,20,36,40,50,60,11,39,133,260,144,299
2014,13607,Jefferson,422,81,341,116,306,7,8,24,31,31,39,17,36,124,247,141,283
2014,13608,Jefferson,517,66,451,178,339,6,8,28,38,34,46,14,16,147,328,161,344
2014,13611,Jefferson,56,11,45,21,35,0,0,2,2,2,2,1,1,9,15,10,16
2014,13612,Jefferson,641,102,539,201,440,13,20,45,56,58,76,25,63,161,338,186,401
2014,13613,St Lawrence,842,125,717,292,550,21,24,62,81,83,105,23,53,249,482,272,535
2014,13614,St Lawrence,158,30,128,64,94,6,8,11,13,17,21,4,10,47,98,51,108
2014,13615,Jefferson,238,47,191,77,161,6,7,21,25,27,32,7,15,64,144,71,159
2014,13616,Jefferson,281,38,243,96,185,3,6,20,23,23,29,10,29,73,154,83,183
2014,13617,St Lawrence,2360,533,1827,656,1704,85,125,169,250,254,375,107,235,572,1346,679,1581
2014,13618,Jefferson,581,78,503,111,470,9,10,30,41,39,51,7,22,89,150,96,172
2014,13619,Jefferson,2638,418,2220,976,1662,33,39,144,191,177,230,82,170,882,1960,964,2130
2014,13620,Lewis,483,93,390,170,313,8,12,38,51,46,63,10,13,102,177,112,190
2014,13621,St Lawrence,225,47,178,63,162,6,7,19,28,25,35,6,8,64,140,70,148
2014,13622,Jefferson,542,62,480,215,327,9,12,24,29,33,41,13,27,94,151,107,178
2014,13623,St Lawrence,19,2,17,5,14,0,0,1,1,1,1,0,0,4,4,4,4
2014,13624,Jefferson,966,163,803,303,663,20,29,46,51,66,80,28,57,242,460,270,517
2014,13625,St Lawrence,364,82,282,97,267,5,6,22,33,27,39,16,23,86,190,102,213
2014,13626,Lewis,422,83,339,124,298,11,12,34,61,45,73,6,16,101,172,107,188
2014,13627,Lewis,17,5,12,4,13,0,0,1,1,1,1,0,0,3,3,3,3
2014,13628,Jefferson,58,7,51,22,36,0,0,3,4,3,4,1,4,17,31,18,35
2014,13630,St Lawrence,403,77,326,139,264,15,22,24,31,39,53,12,19,99,186,111,205
2014,13631,Lewis,2,0,2,1,1,0,0,0,0,0,0,0,0,0,0,0,0
2014,13632,Jefferson,85,6,79,33,52,0,0,6,7,6,7,0,0,15,21,15,21
2014,13633,St Lawrence,50,11,39,15,35,1,1,8,13,9,14,2,3,23,47,25,50
2014,13634,Jefferson,925,131,794,344,581,15,20,41,48,56,68,27,42,206,367,233,409
2014,13635,St Lawrence,378,69,309,131,247,8,10,23,31,31,41,21,49,90,171,111,220
2014,13636,Jefferson,79,6,73,20,59,0,0,1,1,1,1,1,1,15,24,16,25
2014,13637,Jefferson,607,82,525,212,395,11,12,22,28,33,40,13,22,120,215,133,237
2014,13638,Jefferson,140,22,118,61,79,5,6,8,13,13,19,6,9,45,97,51,106
2014,13639,St Lawrence,88,15,73,31,57,3,4,2,2,5,6,4,10,31,87,35,97
2014,13640,Jefferson,50,12,38,3,47,1,1,1,1,2,2,3,5,8,13,11,18
2014,13641,Jefferson,24,4,20,6,18,0,0,3,3,3,3,1,1,10,17,11,18
2014,13642,St Lawrence,3478,555,2923,1048,2430,74,104,230,318,304,422,178,478,1210,3105,1388,3583
2014,13643,Jefferson,72,14,58,23,49,2,2,9,12,11,14,2,6,22,112,24,118
2014,13645,St Lawrence,36,9,27,10,26,0,0,2,6,2,6,2,2,16,31,18,33
2014,13646,St Lawrence,719,127,592,202,517,21,30,44,64,65,94,21,50,198,419,219,469
2014,13647,St Lawrence,41,13,28,5,36,3,4,1,1,4,5,5,5,7,17,12,22
2014,13648,St Lawrence,560,123,437,183,377,11,14,32,40,43,54,24,37,148,312,172,349
2014,13649,St Lawrence,29,4,25,10,19,0,0,1,1,1,1,1,1,7,11,8,12
2014,13650,Jefferson,345,59,286,126,219,13,15,32,34,45,49,4,7,62,111,66,118
2014,13651,Jefferson,22,6,16,7,15,0,0,1,1,1,1,0,0,0,0,0,0
2014,13652,St Lawrence,720,123,597,254,466,15,20,44,61,59,81,19,31,180,325,199,356
2014,13654,St Lawrence,491,107,384,150,341,13,15,32,46,45,61,11,16,116,259,127,275
2014,13655,Franklin,1481,115,1366,564,917,20,25,122,174,142,199,30,59,278,593,308,652
2014,13656,Jefferson,885,111,774,324,561,14,18,56,63,70,81,32,88,250,470,282,558
2014,13657,Jefferson,4,1,3,2,2,0,0,0,0,0,0,1,1,3,9,4,10
2014,13658,St Lawrence,618,108,510,212,406,12,14,34,45,46,59,19,28,157,316,176,344
2014,13659,Jefferson,166,26,140,58,108,3,4,8,12,11,16,5,15,27,44,32,59
2014,13660,St Lawrence,575,83,492,205,370,14,17,47,57,61,74,10,27,167,314,177,341
2014,13661,Jefferson,382,54,328,125,257,4,5,19,22,23,27,9,10,63,114,72,124
2014,13662,St Lawrence,5372,929,4443,1801,3571,128,179,492,741,620,920,229,466,1655,3866,1884,4332
2014,13664,St Lawrence,104,20,84,32,72,4,4,5,11,9,15,3,4,21,49,24,53
2014,13665,Lewis,291,36,255,112,179,4,6,13,17,17,23,12,22,104,199,116,221
2014,13666,St Lawrence,137,8,129,49,88,0,0,11,17,11,17,0,0,70,182,70,182
2014,13667,St Lawrence,1101,171,930,390,711,30,35,94,133,124,168,42,80,347,726,389,806
2014,13668,St Lawrence,894,125,769,317,577,14,17,81,121,95,138,16,18,276,595,292,613
2014,13669,St Lawrence,5099,992,4107,1490,3609,130,171,375,603,505,774,196,346,1648,4158,1844,4504
2014,13670,St Lawrence,169,25,144,44,125,0,0,13,17,13,17,4,9,62,141,66,150
2014,13671,Jefferson,6,1,5,2,4,0,0,0,0,0,0,0,0,3,5,3,5
2014,13672,St Lawrence,178,38,140,54,124,6,7,2,2,8,9,7,12,49,80,56,92
2014,13673,Jefferson,515,85,430,175,340,20,25,34,46,54,71,17,39,89,167,106,206
2014,13674,Jefferson,39,7,32,9,30,2,2,4,5,6,7,1,1,6,14,7,15
2014,13675,Jefferson,56,7,49,10,46,2,4,1,1,3,5,1,1,21,39,22,40
2014,13676,St Lawrence,2460,421,2039,757,1703,56,74,170,276,226,350,85,175,722,1588,807,1763
2014,13677,St Lawrence,19,6,13,5,14,0,0,1,1,1,1,0,0,3,8,3,8
2014,13678,St Lawrence,130,18,112,42,88,1,2,15,23,16,25,4,6,45,91,49,97
2014,13679,Jefferson,489,64,425,175,314,7,7,17,22,24,29,22,61,154,329,176,390
2014,13680,St Lawrence,322,42,280,113,209,6,8,27,35,33,43,10,25,91,142,101,167
2014,13681,St Lawrence,362,39,323,148,214,2,2,26,31,28,33,9,14,106,186,115,200
2014,13682,Jefferson,173,30,143,62,111,2,2,9,10,11,12,6,9,36,59,42,68
2014,13683,St Lawrence,89,14,75,25,64,1,1,16,25,17,26,2,4,28,48,30,52
2014,13684,St Lawrence,324,68,256,101,223,5,7,25,28,30,35,8,18,87,201,95,219
2014,13685,Jefferson,339,59,280,102,237,5,6,21,23,26,29,2,4,60,115,62,119
2014,13687,St Lawrence,101,23,78,32,69,1,1,7,7,8,8,3,6,34,71,37,77
2014,13690,St Lawrence,241,61,180,59,182,11,15,15,16,26,31,21,47,76,180,97,227
2014,13691,Jefferson,895,123,772,302,593,25,33,50,58,75,91,44,93,259,496,303,589
2014,13692,Jefferson,3,1,2,0,3,0,0,0,0,0,0,0,0,0,0,0,0
2014,13693,Jefferson,91,14,77,31,60,2,2,7,12,9,14,0,0,22,42,22,42
2014,13694,St Lawrence,329,87,242,100,229,13,22,24,31,37,53,8,20,69,139,77,159
2014,13695,St Lawrence,4,1,3,0,4,0,0,0,0,0,0,0,0,0,0,0,0
2014,13696,St Lawrence,66,7,59,20,46,1,1,3,4,4,5,0,0,23,54,23,54
2014,13697,St Lawrence,643,91,552,237,406,11,12,49,72,60,84,18,38,214,454,232,492
2014,13699,St Lawrence,9,2,7,0,9,1,1,0,0,1,1,0,0,1,3,1,3
2014,13730,Chenango,745,130,615,239,506,19,20,46,67,65,87,21,46,189,403,210,449
2014,13731,Delaware,205,36,169,55,150,2,2,7,7,9,9,10,12,53,85,63,97
2014,13732,Tioga,1201,167,1034,442,759,16,19,75,103,91,122,15,27,156,258,171,285
2014,13733,Chenango,1261,229,1032,416,845,18,25,103,149,121,174,41,80,371,746,412,826
2014,13734,Tioga,591,75,516,229,362,12,17,42,50,54,67,6,13,117,181,123,194
2014,13736,Tioga,617,76,541,248,369,9,12,47,56,56,68,8,22,90,152,98,174
2014,13737,Broome,44,3,41,16,28,0,0,5,5,5,5,0,0,9,19,9,19
2014,13738,Cortland,49,11,38,14,35,2,4,1,1,3,5,2,6,7,19,9,25
2014,13739,Delaware,206,34,172,69,137,0,0,15,18,15,18,4,5,47,82,51,87
2014,13740,Delaware,92,11,81,29,63,3,3,3,4,6,7,2,3,24,42,26,45
2014,13743,Tioga,936,142,794,361,575,16,18,64,75,80,93,6,26,130,201,136,227
2014,13744,Broome,233,24,209,79,154,2,3,13,17,15,20,4,4,36,59,40,63
2014,13745,Broome,54,17,37,10,44,2,2,2,2,4,4,3,5,8,13,11,18
2014,13746,Broome,611,97,514,218,393,7,7,42,50,49,57,13,29,107,188,120,217
2014,13747,Otsego,18,4,14,0,18,0,0,1,1,1,1,0,0,4,6,4,6
2014,13748,Broome,911,171,740,302,609,17,26,55,60,72,86,26,46,174,313,200,359
2014,13749,Broome,9,2,7,3,6,0,0,0,0,0,0,0,0,2,3,2,3
2014,13750,Delaware,329,49,280,117,212,5,7,14,18,19,25,11,18,90,161,101,179
2014,13751,Delaware,93,12,81,26,67,0,0,9,9,9,9,2,4,18,35,20,39
2014,13752,Delaware,124,27,97,34,90,1,1,9,9,10,10,6,7,21,25,27,32
2014,13753,Delaware,996,194,802,254,742,22,34,85,118,107,152,44,73,289,646,333,719
2014,13754,Broome,1030,165,865,364,666,18,21,60,74,78,95,23,35,155,234,178,269
2014,13755,Delaware,299,43,256,100,199,6,11,13,19,19,30,17,30,75,124,92,154
2014,13756,Delaware,145,29,116,44,101,4,6,11,19,15,25,8,12,36,71,44,83
2014,13757,Delaware,242,24,218,83,159,1,2,17,24,18,26,4,4,57,99,61,103
2014,13758,Chenango,8,4,4,1,7,0,0,0,0,0,0,2,3,1,1,3,4
2014,13760,Broome,10981,1667,9314,3780,7201,191,244,807,1010,998,1254,270,583,2164,4046,2434,4629
2014,13761,Broome,107,21,86,19,88,3,4,3,4,6,8,4,5,23,72,27,77
2014,13762,Broome,11,3,8,2,9,1,1,0,0,1,1,0,0,0,0,0,0
2014,13763,Broome,14,2,12,4,10,0,0,0,0,0,0,0,0,2,3,2,3
2014,13774,Delaware,66,12,54,20,46,1,1,13,14,14,15,0,0,12,21,12,21
2014,13775,Delaware,294,50,244,95,199,7,10,15,28,22,38,5,8,53,93,58,101
2014,13776,Otsego,126,19,107,47,79,2,2,8,9,10,11,3,10,33,48,36,58
2014,13777,Broome,282,45,237,102,180,5,6,19,27,24,33,6,11,56,109,62,120
2014,13778,Chenango,1296,233,1063,439,857,26,33,82,102,108,135,29,42,211,362,240,404
2014,13780,Chenango,208,40,168,69,139,2,3,11,17,13,20,6,8,58,120,64,128
2014,13782,Delaware,182,33,149,63,119,0,0,14,15,14,15,1,9,52,88,53,97
2014,13783,Delaware,758,130,628,245,513,11,16,42,61,53,77,13,23,157,273,170,296
2014,13784,Cortland,90,12,78,39,51,1,1,10,14,11,15,1,1,15,32,16,33
2014,13786,Delaware,73,10,63,19,54,2,2,5,5,7,7,2,2,11,17,13,19
2014,13787,Broome,1244,168,1076,496,748,13,14,68,89,81,103,28,44,257,454,285,498
2014,13788,Delaware,314,64,250,107,207,12,14,33,42,45,56,18,30,83,179,101,209
2014,13790,Broome,6448,947,5501,2299,4149,105,134,502,635,607,769,177,374,1692,3597,1869,3971
2014,13794,Broome,24,3,21,9,15,0,0,0,0,0,0,0,0,4,6,4,6
2014,13795,Broome,1072,163,909,377,695,14,16,80,90,94,106,23,46,233,420,256,466
2014,13796,Otsego,375,46,329,139,236,8,12,24,25,32,37,9,13,77,123,86,136
2014,13797,Broome,673,83,590,270,403,9,12,52,63,61,75,15,44,129,234,144,278
2014,13801,Chenango,498,82,416,170,328,9,10,27,37,36,47,14,29,105,197,119,226
2014,13802,Broome,199,30,169,65,134,2,3,18,21,20,24,2,2,29,38,31,40
2014,13803,Cortland,1173,186,987,435,738,26,34,78,98,104,132,31,69,227,424,258,493
2014,13804,Delaware,126,14,112,48,78,1,2,7,18,8,20,4,5,43,86,47,91
2014,13806,Delaware,54,11,43,8,46,2,2,2,2,4,4,2,4,14,26,16,30
2014,13807,Otsego,257,50,207,72,185,6,6,14,16,20,22,7,18,55,101,62,119
2014,13808,Otsego,475,81,394,154,321,9,10,25,39,34,49,12,17,113,198,125,215
2014,13809,Chenango,426,55,371,144,282,2,3,28,31,30,34,14,30,126,270,140,300
2014,13810,Otsego,207,49,158,53,154,7,9,14,15,21,24,7,12,40,88,47,100
2014,13811,Tioga,1037,143,894,409,628,11,12,62,75,73,87,12,25,171,302,183,327
2014,13812,Tioga,629,79,550,245,384,4,7,33,36,37,43,3,6,128,216,131,222
2014,13813,Broome,292,41,251,113,179,3,4,22,28,25,32,5,14,60,143,65,157
2014,13814,Chenango,61,11,50,20,41,1,1,4,5,5,6,2,2,12,25,14,27
2014,13815,Chenango,4607,975,3632,1481,3126,117,143,311,401,428,544,244,544,1540,3884,1784,4428
2014,13820,Otsego,4244,958,3286,1194,3050,133,180,319,406,452,586,216,503,980,1956,1196,2459
2014,13825,Otsego,773,126,647,257,516,14,21,75,94,89,115,34,88,167,271,201,359
2014,13826,Broome,32,2,30,10,22,0,0,7,12,7,12,0,0,7,19,7,19
2014,13827,Tioga,3113,507,2606,1100,2013,70,91,221,295,291,386,44,83,494,866,538,949
2014,13830,Chenango,1345,333,1012,422,923,51,59,65,95,116,154,60,115,330,658,390,773
2014,13832,Chenango,255,41,214,101,154,4,6,17,18,21,24,15,31,80,138,95,169
2014,13833,Broome,1210,182,1028,440,770,14,15,70,80,84,95,21,49,198,373,219,422
2014,13834,Otsego,66,9,57,22,44,0,0,3,3,3,3,1,1,14,27,15,28
2014,13835,Tioga,435,63,372,158,277,5,7,26,29,31,36,10,14,78,132,88,146
2014,13838,Delaware,1519,253,1266,552,967,40,57,109,134,149,191,86,239,542,1304,628,1543
2014,13839,Delaware,342,73,269,95,247,12,20,21,27,33,47,20,41,92,178,112,219
2014,13840,Tioga,4,2,2,2,2,0,0,0,0,0,0,0,0,0,0,0,0
2014,13841,Chenango,154,29,125,48,106,2,5,7,8,9,13,8,11,34,58,42,69
2014,13842,Delaware,204,21,183,38,166,4,5,32,56,36,61,7,9,60,142,67,151
2014,13843,Chenango,474,81,393,170,304,9,10,18,22,27,32,13,22,126,283,139,305
2014,13844,Chenango,227,36,191,77,150,3,3,13,16,16,19,7,13,65,125,72,138
2014,13845,Tioga,26,7,19,7,19,0,0,2,2,2,2,0,0,1,2,1,2
2014,13846,Delaware,76,11,65,38,38,1,2,4,4,5,6,2,4,21,39,23,43
2014,13847,Delaware,28,4,24,10,18,1,3,1,1,2,4,2,3,6,19,8,22
2014,13848,Broome,11,3,8,4,7,0,0,0,0,0,0,0,0,2,5,2,5
2014,13849,Otsego,1121,194,927,371,750,19,28,57,75,76,103,39,96,306,681,345,777
2014,13850,Broome,2875,507,2368,900,1975,67,80,155,204,222,284,76,150,384,597,460,747
2014,13851,Broome,40,7,33,4,36,1,2,1,3,2,5,1,6,3,6,4,12
2014,13856,Delaware,2020,387,1633,638,1382,43,51,144,210,187,261,105,190,635,1390,740,1580
2014,13859,Otsego,37,4,33,10,27,1,1,4,5,5,6,0,0,7,16,7,16
2014,13860,Delaware,30,9,21,6,24,2,2,1,4,3,6,0,0,7,18,7,18
2014,13861,Otsego,102,20,82,28,74,4,4,4,4,8,8,4,10,19,23,23,33
2014,13862,Broome,1237,200,1037,479,758,18,25,92,115,110,140,43,92,230,411,273,503
2014,13863,Cortland,181,25,156,68,113,3,4,4,4,7,8,3,6,23,48,26,54
2014,13864,Tioga,275,39,236,100,175,2,4,24,31,26,35,2,5,36,57,38,62
2014,13865,Broome,1568,229,1339,579,989,31,36,117,147,148,183,27,50,270,510,297,560
2014,13901,Broome,7149,1255,5894,2361,4788,165,222,575,770,740,992,268,665,1765,3889,2033,4554
2014,13902,Broome,726,165,561,95,631,16,22,28,38,44,60,32,71,117,238,149,309
2014,13903,Broome,5949,862,5087,2130,3819,94,126,397,505,491,631,164,406,1509,2925,1673,3331
2014,13904,Broome,3120,484,2636,1017,2103,57,68,245,328,302,396,85,169,690,1269,775,1438
2014,13905,Broome,9956,1703,8253,3069,6887,233,318,772,1027,1005,1345,413,1139,2642,5945,3055,7084
2014,14001,Erie,1407,317,1090,442,965,31,33,87,116,118,149,25,52,229,374,254,426
2014,14004,Erie,1751,273,1478,494,1257,24,32,106,157,130,189,25,52,268,466,293,518
2014,14005,Genesee,322,36,286,125,197,1,1,34,47,35,48,3,5,84,146,87,151
2014,14006,Erie,2155,382,1773,718,1437,43,57,130,174,173,231,57,110,494,860,551,970
2014,14008,Niagara,344,34,310,125,219,1,1,33,45,34,46,4,4,75,117,79,121
2014,14009,Wyoming,1183,198,985,424,759,17,21,68,79,85,100,18,32,199,319,217,351
2014,14011,Wyoming,1933,208,1725,365,1568,17,17,94,123,111,140,22,27,218,383,240,410
2014,14012,Niagara,581,71,510,250,331,15,22,40,54,55,76,16,27,142,208,158,235
2014,14013,Genesee,399,45,354,166,233,11,15,32,38,43,53,9,26,78,134,87,160
2014,14020,Genesee,6144,1182,4962,2043,4101,177,257,547,771,724,1028,230,661,1909,4399,2139,5060
2014,14021,Genesee,79,19,60,22,57,3,3,4,12,7,15,4,4,23,43,27,47
2014,14024,Wyoming,368,53,315,131,237,7,8,25,30,32,38,3,8,60,87,63,95
2014,14025,Erie,336,46,290,117,219,3,4,20,21,23,25,2,2,75,119,77,121
2014,14026,Erie,107,17,90,35,72,0,0,7,10,7,10,1,3,20,42,21,45
2014,14027,Erie,81,12,69,26,55,1,1,3,5,4,6,2,5,19,29,21,34
2014,14028,Niagara,211,19,192,92,119,2,3,16,22,18,25,5,8,48,80,53,88
2014,14029,Allegany,26,8,18,8,18,2,2,2,2,4,4,1,1,7,9,8,10
2014,14030,Erie,342,50,292,110,232,6,7,30,60,36,67,5,7,73,155,78,162
2014,14031,Erie,1054,333,721,254,800,36,47,55,72,91,119,30,58,143,277,173,335
2014,14032,Erie,617,81,536,227,390,7,14,32,43,39,57,7,15,89,161,96,176
2014,14033,Erie,267,50,217,78,189,9,12,10,17,19,29,10,17,38,79,48,96
2014,14034,Erie,720,128,592,142,578,16,20,37,54,53,74,16,28,126,272,142,300
2014,14035,Erie,35,7,28,8,27,2,5,2,3,4,8,0,0,11,19,11,19
2014,14036,Genesee,681,113,568,217,464,11,12,37,53,48,65,15,20,145,276,160,296
2014,14037,Wyoming,127,22,105,34,93,1,1,10,14,11,15,1,3,19,27,20,30
2014,14038,Erie,2,0,2,0,2,0,0,0,0,0,0,0,0,0,0,0,0
2014,14039,Wyoming,27,11,16,5,22,0,0,5,5,5,5,1,1,3,5,4,6
2014,14040,Genesee,339,59,280,118,221,4,5,21,30,25,35,2,2,60,113,62,115
2014,14041,Cattaraugus,119,15,104,51,68,2,3,0,0,2,3,2,4,51,116,53,120
2014,14042,Cattaraugus,1341,218,1123,472,869,30,37,82,113,112,150,37,60,315,546,352,606
2014,14043,Erie,4238,832,3406,1295,2943,65,84,321,445,386,529,101,228,855,1703,956,1931
2014,14047,Erie,1127,260,867,332,795,25,33,76,116,101,149,35,86,212,400,247,486
2014,14048,Chautauqua,6725,1046,5679,2375,4350,145,188,532,692,677,880,72,171,2358,5232,2430,5403
2014,14051,Erie,1393,241,1152,409,984,18,20,65,89,83,109,19,37,208,310,227,347
2014,14052,Erie,1596,373,1223,434,1162,39,43,93,114,132,157,35,58,232,386,267,444
2014,14054,Genesee,270,26,244,122,148,3,4,20,22,23,26,2,2,60,114,62,116
2014,14055,Erie,223,51,172,66,157,4,4,8,9,12,13,6,12,43,62,49,74
2014,14056,Genesee,61,11,50,19,42,0,0,8,19,8,19,0,0,15,34,15,34
2014,14057,Erie,1023,171,852,327,696,22,27,74,105,96,132,16,48,178,335,194,383
2014,14058,Genesee,350,47,303,145,205,5,6,25,29,30,35,7,17,76,140,83,157
2014,14059,Erie,879,199,680,239,640,22,26,64,79,86,105,26,43,124,235,150,278
2014,14060,Cattaraugus,97,22,75,33,64,3,5,5,5,8,10,5,17,25,44,30,61
2014,14061,Erie,68,13,55,19,49,1,1,6,6,7,7,4,10,9,17,13,27
2014,14062,Chautauqua,740,146,594,226,514,17,18,46,58,63,76,16,26,179,340,195,366
2014,14063,Chautauqua,2217,445,1772,698,1519,48,72,133,179,181,251,35,66,557,1080,592,1146
2014,14065,Cattaraugus,424,60,364,168,256,4,5,26,36,30,41,9,13,83,133,92,146
2014,14066,Wyoming,175,27,148,55,120,2,3,7,7,9,10,3,4,34,50,37,54
2014,14067,Niagara,936,164,772,331,605,30,39,64,82,94,121,20,29,211,353,231,382
2014,14068,Erie,1059,361,698,269,790,43,50,53,73,96,123,60,122,162,327,222,449
2014,14069,Erie,95,10,85,29,66,1,2,5,5,6,7,1,1,24,91,25,92
2014,14070,Cattaraugus,1764,325,1439,440,1324,56,85,119,157,175,242,65,123,440,958,505,1081
2014,14072,Erie,2363,382,1981,758,1605,34,41,158,206,192,247,37,73,387,683,424,756
2014,14075,Erie,5545,1256,4289,1618,3927,104,129,372,533,476,662,148,263,1032,1744,1180,2007
2014,14080,Erie,661,85,576,248,413,9,10,51,62,60,72,10,15,130,218,140,233
2014,14081,Erie,856,117,739,307,549,14,21,72,93,86,114,26,49,216,377,242,426
2014,14082,Wyoming,74,15,59,28,46,1,2,7,9,8,11,3,11,9,15,12,26
2014,14083,Wyoming,20,2,18,6,14,0,0,1,2,1,2,0,0,0,0,0,0
2014,14085,Erie,642,82,560,228,414,2,2,44,58,46,60,8,17,120,231,128,248
2014,14086,Erie,3265,695,2570,924,2341,64,75,215,265,279,340,75,126,552,962,627,1088
2014,14091,Erie,361,51,310,131,230,5,9,30,36,35,45,12,15,90,152,102,167
2014,14092,Niagara,1405,425,980,351,1054,42,52,86,114,128,166,35,66,215,349,250,415
2014,14094,Niagara,12229,1806,10423,4234,7995,279,349,1002,1339,1281,1688,275,495,3268,6161,3543,6656
2014,14095,Niagara,335,101,234,42,293,21,31,47,82,68,113,37,118,101,400,138,518
2014,14098,Orleans,683,107,576,242,441,10,13,37,48,47,61,14,45,132,229,146,274
2014,14101,Cattaraugus,595,107,488,211,384,18,21,27,33,45,54,22,41,120,200,142,241
2014,14102,Erie,140,13,127,44,96,2,3,7,11,9,14,1,2,23,92,24,94
2014,14103,Orleans,3401,581,2820,1181,2220,87,114,235,300,322,414,103,199,839,1524,942,1723
2014,14105,Niagara,882,134,748,291,591,14,16,67,81,81,97,16,30,191,319,207,349
2014,14107,Niagara,5,1,4,2,3,0,0,0,0,0,0,0,0,0,0,0,0
2014,14108,Niagara,1126,264,862,353,773,43,52,81,109,124,161,32,59,235,445,267,504
2014,14109,Niagara,8,1,7,1,7,0,0,2,2,2,2,1,2,3,4,4,6
2014,14110,Erie,14,2,12,1,13,0,0,0,0,0,0,0,0,0,0,0,0
2014,14111,Erie,618,74,544,240,378,9,15,34,51,43,66,11,19,129,235,140,254
2014,14112,Erie,24,4,20,6,18,0,0,3,4,3,4,0,0,9,14,9,14
2014,14113,Wyoming,146,13,133,52,94,1,3,16,18,17,21,1,3,22,34,23,37
2014,14120,Niagara,7885,1345,6540,2519,5366,159,199,564,743,723,942,219,515,1813,3574,2032,4089
2014,14125,Genesee,845,98,747,343,502,13,14,71,102,84,116,15,31,219,404,234,435
2014,14126,Niagara,208,26,182,67,141,3,3,12,17,15,20,5,8,58,112,63,120
2014,14127,Erie,2398,512,1886,693,1705,50,60,158,210,208,270,46,69,419,736,465,805
2014,14129,Cattaraugus,297,44,253,125,172,3,3,23,29,26,32,6,10,83,168,89,178
2014,14130,Wyoming,97,14,83,34,63,1,1,4,6,5,7,2,5,35,52,37,57
2014,14131,Niagara,1089,179,910,332,757,33,43,90,144,123,187,48,128,252,461,300,589
2014,14132,Niagara,957,116,841,293,664,9,11,110,166,119,177,17,32,210,446,227,478
2014,14133,Cattaraugus,43,8,35,17,26,0,0,3,3,3,3,0,0,9,9,9,9
2014,14134,Erie,77,31,46,16,61,4,7,5,5,9,12,6,10,9,18,15,28
2014,14135,Chautauqua,66,14,52,20,46,2,3,1,1,3,4,1,1,17,31,18,32
2014,14136,Chautauqua,1368,208,1160,499,869,18,25,95,127,113,152,49,82,352,672,401,754
2014,14138,Cattaraugus,490,65,425,191,299,9,12,40,70,49,82,11,17,148,305,159,322
2014,14139,Erie,319,48,271,102,217,5,5,22,28,27,33,8,11,69,119,77,130
2014,14140,Erie,11,5,6,1,10,1,1,0,0,1,1,0,0,2,2,2,2
2014,14141,Erie,1597,319,1278,534,1063,35,45,86,97,121,142,35,82,322,539,357,621
2014,14143,Genesee,231,42,189,74,157,4,4,16,18,20,22,5,18,59,114,64,132
2014,14144,Niagara,40,40,0,0,40,2,2,0,0,2,2,2,2,0,0,2,2
2014,14145,Wyoming,170,35,135,52,118,5,8,15,15,20,23,5,8,27,45,32,53
2014,14150,Erie,8163,1405,6758,2643,5520,148,197,597,774,745,971,197,446,1927,3470,2124,3916
2014,14151,Erie,31,6,25,8,23,0,0,1,2,1,2,2,2,13,35,15,37
2014,14166,Chautauqua,2,1,1,0,2,0,0,1,2,1,2,0,0,0,0,0,0
2014,14167,Wyoming,224,36,188,81,143,1,1,16,19,17,20,5,10,41,58,46,68
2014,14168,Cattaraugus,226,17,209,104,122,4,5,22,32,26,37,5,11,62,103,67,114
2014,14169,Erie,44,13,31,10,34,0,0,3,4,3,4,2,2,8,12,10,14
2014,14170,Erie,236,42,194,58,178,2,3,9,16,11,19,4,6,41,59,45,65
2014,14171,Cattaraugus,379,46,333,137,242,5,7,28,41,33,48,7,9,68,110,75,119
2014,14172,Niagara,555,83,472,179,376,10,15,32,44,42,59,8,11,106,161,114,172
2014,14173,Cattaraugus,181,22,159,64,117,1,3,10,12,11,15,7,10,35,63,42,73
2014,14174,Niagara,717,114,603,240,477,16,20,49,64,65,84,16,23,155,250,171,273
2014,14201,Erie,7701,1170,6531,2679,5022,181,249,596,760,777,1009,286,581,2540,5255,2826,5836
2014,14202,Erie,3268,637,2631,877,2391,143,201,291,505,434,706,209,740,899,2603,1108,3343
2014,14203,Erie,1503,447,1056,299,1204,68,91,124,227,192,318,114,318,472,1449,586,1767
2014,14204,Erie,5707,1017,4690,1855,3852,131,195,495,734,626,929,259,576,1879,4214,2138,4790
2014,14205,Erie,143,34,109,40,103,5,7,6,8,11,15,12,26,36,70,48,96
2014,14206,Erie,8773,1180,7593,3153,5620,140,204,819,1092,959,1296,251,578,2888,6119,3139,6697
2014,14207,Erie,16311,1536,14775,6386,9925,213,285,1427,1859,1640,2144,329,715,5201,10532,5530,11247
2014,14208,Erie,5997,870,5127,2201,3796,143,209,479,621,622,830,227,547,2058,4384,2285,4931
2014,14209,Erie,3081,759,2322,798,2283,118,176,270,385,388,561,129,303,916,2059,1045,2362
2014,14210,Erie,7234,929,6305,2667,4567,101,134,687,938,788,1072,203,419,2431,4990,2634,5409
2014,14211,Erie,15943,1668,14275,6068,9875,256,372,1365,1880,1621,2252,441,1023,5784,12234,6225,13257
2014,14212,Erie,7538,790,6748,2848,4690,107,171,753,1030,860,1201,191,450,2432,5065,2623,5515
2014,14213,Erie,17636,1444,16192,6742,10894,203,269,1457,1930,1660,2199,303,643,5136,10039,5439,10682
2014,14214,Erie,6546,1004,5542,2024,4522,135,181,518,741,653,922,260,537,2045,4291,2305,4828
2014,14215,Erie,23379,2486,20893,9256,14123,362,551,2024,2728,2386,3279,644,1463,8261,17271,8905,18734
2014,14216,Erie,5573,905,4668,1605,3968,91,112,442,545,533,657,166,358,1568,3151,1734,3509
2014,14217,Erie,4924,1028,3896,1390,3534,97,122,365,538,462,660,170,329,1121,2309,1291,2638
2014,14218,Erie,8166,1119,7047,2992,5174,131,167,701,861,832,1028,210,397,2401,4516,2611,4913
2014,14219,Erie,2499,370,2129,889,1610,49,64,174,237,223,301,57,127,617,1168,674,1295
2014,14220,Erie,7149,1005,6144,2539,4610,111,154,642,798,753,952,180,408,2175,4576,2355,4984
2014,14221,Erie,5472,1443,4029,1369,4103,155,192,237,318,392,510,150,302,770,1274,920,1576
2014,14222,Erie,2020,569,1451,208,1812,90,122,152,237,242,359,123,323,464,1071,587,1394
2014,14223,Erie,4013,581,3432,1383,2630,58,79,289,415,347,494,74,188,880,1736,954,1924
2014,14224,Erie,5637,1318,4319,1542,4095,124,160,364,501,488,661,186,354,1132,2183,1318,2537
2014,14225,Erie,8170,1233,6937,2795,5375,114,149,636,862,750,1011,182,360,2111,4181,2293,4541
2014,14226,Erie,4896,703,4193,1619,3277,58,71,331,419,389,490,91,165,1097,2023,1188,2188
2014,14227,Erie,4238,1087,3151,1190,3048,130,162,319,497,449,659,170,383,929,2067,1099,2450
2014,14228,Erie,4167,774,3393,1408,2759,95,119,250,289,345,408,114,253,827,1496,941,1749
2014,14231,Erie,412,280,132,13,399,42,57,9,15,51,72,71,163,48,142,119,305
2014,14233,Erie,5,0,5,0,5,0,0,0,0,0,0,0,0,2,8,2,8
2014,14240,Erie,243,41,202,86,157,4,5,18,25,22,30,9,11,67,147,76,158
2014,14260,Erie,4,0,4,0,4,0,0,0,0,0,0,0,0,0,0,0,0
2014,14261,Erie,47,1,46,2,45,0,0,1,2,1,2,0,0,8,14,8,14
2014,14263,Erie,1,0,1,0,1,0,0,1,2,1,2,0,0,0,0,0,0
2014,14267,Erie,17,0,17,14,3,0,0,2,2,2,2,0,0,9,15,9,15
2014,14270,Erie,2,0,2,0,2,0,0,0,0,0,0,0,0,1,1,1,1
2014,14276,Erie,1,0,1,0,1,0,0,0,0,0,0,0,0,0,0,0,0
2014,14280,Erie,1,0,1,0,1,0,0,0,0,0,0,0,0,0,0,0,0
2014,14301,Niagara,7676,1204,6472,2488,5188,180,259,753,1008,933,1267,318,762,2590,5742,2908,6504
2014,14302,Niagara,382,125,257,169,213,14,22,20,33,34,55,21,39,79,137,100,176
2014,14303,Niagara,3439,388,3051,1204,2235,57,72,382,574,439,646,106,237,1193,2739,1299,2976
2014,14304,Niagara,7300,1308,5992,2212,5088,159,203,588,825,747,1028,230,463,1712,3271,1942,3734
2014,14305,Niagara,7762,989,6773,2928,4834,164,225,692,969,856,1194,280,675,2618,5251,2898,5926
2014,14410,Monroe,7,1,6,0,7,1,1,1,3,2,4,0,0,1,1,1,1
2014,14411,Orleans,4431,690,3741,1390,3041,67,85,332,451,399,536,119,258,857,1595,976,1853
2014,14413,Wayne,95,25,70,27,68,5,5,12,19,17,24,7,26,15,23,22,49
2014,14414,Livingston,1193,195,998,390,803,20,25,95,138,115,163,16,23,201,361,217,384
2014,14415,Yates,46,7,39,17,29,1,1,3,5,4,6,0,0,11,27,11,27
2014,14416,Genesee,548,88,460,181,367,6,6,39,48,45,54,11,27,131,206,142,233
2014,14418,Yates,273,50,223,98,175,3,3,13,17,16,20,12,27,70,143,82,170
2014,14420,Monroe,3219,534,2685,1062,2157,76,90,203,300,279,390,88,183,685,1387,773,1570
2014,14422,Genesee,371,52,319,142,229,7,10,33,42,40,52,8,20,77,143,85,163
2014,14423,Livingston,794,98,696,287,507,11,12,50,62,61,74,13,22,161,290,174,312
2014,14424,Ontario,5729,1105,4624,1735,3994,171,234,394,530,565,764,283,678,1546,3343,1829,4021
2014,14425,Ontario,2150,253,1897,825,1325,38,47,132,164,170,211,48,124,673,1376,721,1500
2014,14427,Wyoming,465,85,380,136,329,11,15,34,38,45,53,11,26,106,173,117,199
2014,14428,Monroe,1041,132,909,349,692,12,21,77,109,89,130,20,66,156,257,176,323
2014,14429,Orleans,5,1,4,0,5,0,0,0,0,0,0,0,0,0,0,0,0
2014,14430,Monroe,25,3,22,5,20,0,0,2,4,2,4,2,2,7,9,9,11
2014,14432,Ontario,1248,237,1011,412,836,34,41,96,132,130,173,56,132,352,700,408,832
2014,14433,Wayne,1303,164,1139,539,764,24,29,98,124,122,153,33,85,401,759,434,844
2014,14435,Livingston,469,53,416,159,310,4,5,23,26,27,31,7,8,100,186,107,194
2014,14437,Livingston,2695,395,2300,913,1782,43,58,179,242,222,300,81,140,781,1656,862,1796
2014,14441,Yates,83,15,68,32,51,1,1,4,4,5,5,4,7,28,54,32,61
2014,14443,Ontario,3,0,3,3,0,0,0,0,0,0,0,0,0,0,0,0,0
2014,14445,Monroe,2414,519,1895,711,1703,69,98,200,267,269,365,93,245,403,813,496,1058
2014,14449,Wayne,45,14,31,17,28,1,2,7,13,8,15,1,5,6,15,7,20
2014,14450,Monroe,4566,899,3667,1445,3121,102,128,249,329,351,457,97,196,569,971,666,1167
2014,14452,Orleans,8,3,5,0,8,1,2,0,0,1,2,1,4,2,3,3,7
2014,14453,Ontario,17,1,16,7,10,0,0,0,0,0,0,1,1,4,8,5,9
2014,14454,Livingston,1348,187,1161,473,875,25,33,87,110,112,143,34,59,331,695,365,754
2014,14456,Ontario,5862,980,4882,2096,3766,156,199,401,482,557,681,239,524,1630,3163,1869,3687
2014,14461,Ontario,38,4,34,18,20,0,0,2,2,2,2,0,0,8,19,8,19
2014,14462,Livingston,126,13,113,51,75,1,1,7,11,8,12,0,0,23,44,23,44
2014,14463,Ontario,36,6,30,12,24,1,2,2,4,3,6,1,1,7,11,8,12
2014,14464,Monroe,1626,197,1429,647,979,27,36,109,126,136,162,42,99,312,602,354,701
2014,14466,Ontario,309,36,273,115,194,6,11,23,28,29,39,8,17,72,127,80,144
2014,14467,Monroe,1925,251,1674,686,1239,28,39,121,165,149,204,43,106,290,559,333,665
2014,14468,Monroe,2739,330,2409,997,1742,55,72,151,193,206,265,63,146,446,741,509,887
2014,14469,Ontario,984,127,857,346,638,20,26,70,89,90,115,25,74,312,565,337,639
2014,14470,Orleans,1828,269,1559,666,1162,21,27,132,162,153,189,34,74,377,659,411,733
2014,14471,Ontario,542,87,455,162,380,7,11,46,60,53,71,16,32,136,258,152,290
2014,14472,Monroe,693,89,604,221,472,5,7,45,56,50,63,15,32,97,195,112,227
2014,14475,Ontario,56,13,43,21,35,1,1,2,2,3,3,3,16,10,13,13,29
2014,14476,Orleans,471,59,412,186,285,5,5,33,34,38,39,4,7,83,128,87,135
2014,14477,Orleans,428,64,364,167,261,4,4,24,26,28,30,5,13,81,119,86,132
2014,14478,Yates,104,18,86,25,79,2,3,3,3,5,6,3,6,26,30,29,36
2014,14479,Orleans,40,7,33,12,28,1,1,1,4,2,5,1,2,11,23,12,25
2014,14480,Livingston,303,39,264,113,190,7,11,22,28,29,39,6,9,74,133,80,142
2014,14481,Livingston,364,39,325,126,238,7,8,32,37,39,45,6,11,84,141,90,152
2014,14482,Genesee,1563,314,1249,491,1072,36,51,125,166,161,217,54,135,420,908,474,1043
2014,14485,Livingston,704,93,611,250,454,8,15,59,70,67,85,14,29,101,166,115,195
2014,14486,Livingston,42,1,41,19,23,0,0,1,1,1,1,0,0,8,11,8,11
2014,14487,Livingston,944,133,811,317,627,15,16,66,71,81,87,16,25,182,305,198,330
2014,14488,Livingston,6,1,5,0,6,0,0,0,0,0,0,0,0,0,0,0,0
2014,14489,Wayne,2305,384,1921,788,1517,63,86,190,238,253,324,82,199,691,1574,773,1773
2014,14502,Wayne,1481,228,1253,543,938,20,23,98,120,118,143,38,93,265,551,303,644
2014,14504,Ontario,399,62,337,142,257,9,11,31,41,40,52,13,24,97,179,110,203
2014,14505,Wayne,936,112,824,384,552,9,9,53,71,62,80,16,50,211,419,227,469
2014,14506,Monroe,71,10,61,21,50,1,1,1,2,2,3,1,1,8,15,9,16
2014,14507,Yates,308,43,265,102,206,6,7,15,20,21,27,7,9,93,199,100,208
2014,14508,Orleans,10,2,8,0,10,0,0,2,2,2,2,0,0,2,4,2,4
2014,14510,Livingston,2338,525,1813,682,1656,86,97,134,175,220,272,83,185,536,1114,619,1299
2014,14511,Monroe,104,16,88,42,62,1,2,7,7,8,9,0,0,15,22,15,22
2014,14512,Ontario,1085,165,920,363,722,17,21,55,68,72,89,36,66,241,399,277,465
2014,14513,Wayne,4613,1083,3530,1406,3207,159,202,354,456,513,658,267,624,1299,2793,1566,3417
2014,14514,Monroe,919,140,779,348,571,11,18,46,49,57,67,23,71,159,243,182,314
2014,14515,Monroe,22,5,17,7,15,0,0,1,1,1,1,0,0,3,6,3,6
2014,14516,Wayne,447,74,373,159,288,12,15,24,29,36,44,19,39,98,148,117,187
2014,14517,Livingston,744,110,634,264,480,9,11,64,76,73,87,17,32,200,385,217,417
2014,14518,Ontario,20,4,16,6,14,0,0,3,4,3,4,1,2,4,6,5,8
2014,14519,Wayne,1613,202,1411,595,1018,27,36,88,104,115,140,25,50,259,535,284,585
2014,14520,Wayne,4,3,1,0,4,0,0,0,0,0,0,0,0,0,0,0,0
2014,14521,Seneca,708,86,622,256,452,16,19,43,57,59,76,15,31,160,246,175,277
2014,14522,Wayne,2025,303,1722,773,1252,43,60,159,214,202,274,62,161,546,1057,608,1218
2014,14525,Genesee,466,72,394,170,296,4,5,20,26,24,31,10,16,99,178,109,194
2014,14526,Monroe,1901,335,1566,568,1333,34,43,127,160,161,203,32,74,233,394,265,468
2014,14527,Yates,2903,603,2300,904,1999,91,112,169,200,260,312,130,236,792,1620,922,1856
2014,14529,Steuben,17,5,12,3,14,0,0,0,0,0,0,0,0,3,4,3,4
2014,14530,Wyoming,1377,230,1147,500,877,24,26,88,133,112,159,23,43,274,617,297,660
2014,14532,Ontario,832,114,718,315,517,25,28,60,80,85,108,27,80,210,384,237,464
2014,14533,Livingston,283,19,264,113,170,1,1,18,25,19,26,3,5,62,113,65,118
2014,14534,Monroe,1849,341,1508,474,1375,49,54,97,137,146,191,35,81,175,307,210,388
2014,14536,Wyoming,196,34,162,67,129,9,12,13,22,22,34,5,6,46,92,51,98
2014,14537,Ontario,77,8,69,30,47,1,1,6,9,7,10,0,0,18,44,18,44
2014,14538,Wayne,3,2,1,0,3,1,1,0,0,1,1,2,6,0,0,2,6
2014,14539,Livingston,69,5,64,26,43,0,0,2,2,2,2,0,0,15,20,15,20
2014,14541,Seneca,812,69,743,206,606,7,8,39,46,46,54,5,7,126,228,131,235
2014,14542,Wayne,69,7,62,30,39,1,1,5,5,6,6,1,1,16,27,17,28
2014,14543,Monroe,296,41,255,87,209,3,3,16,21,19,24,4,12,44,76,48,88
2014,14544,Yates,440,59,381,182,258,3,4,34,46,37,50,13,18,129,266,142,284
2014,14545,Livingston,28,3,25,10,18,0,0,3,5,3,5,1,1,7,9,8,10
2014,14546,Monroe,702,79,623,260,442,11,21,38,55,49,76,10,23,117,196,127,219
2014,14547,Ontario,24,6,18,5,19,0,0,0,0,0,0,1,4,3,5,4,9
2014,14548,Ontario,994,143,851,364,630,13,16,84,100,97,116,27,85,329,660,356,745
2014,14549,Wyoming,37,5,32,13,24,0,0,1,1,1,1,0,0,8,9,8,9
2014,14550,Wyoming,366,70,296,109,257,8,12,25,36,33,48,11,15,72,141,83,156
2014,14551,Wayne,1695,324,1371,621,1074,61,86,132,164,193,250,66,171,412,793,478,964
2014,14555,Wayne,207,33,174,74,133,5,9,18,23,23,32,5,15,46,84,51,99
2014,14556,Livingston,545,48,497,0,545,3,4,25,37,28,41,3,4,32,48,35,52
2014,14557,Genesee,31,2,29,14,17,0,0,3,7,3,7,0,0,9,22,9,22
2014,14558,Livingston,2,0,2,0,2,0,0,0,0,0,0,0,0,0,0,0,0
2014,14559,Monroe,2204,248,1956,780,1424,29,38,156,199,185,237,30,62,376,653,406,715
2014,14560,Ontario,478,66,412,167,311,4,5,31,39,35,44,17,30,115,202,132,232
2014,14561,Ontario,467,55,412,170,297,9,11,27,32,36,43,11,29,130,222,141,251
2014,14563,Wayne,4,1,3,0,4,0,0,0,0,0,0,0,0,1,1,1,1
2014,14564,Ontario,1193,179,1014,353,840,21,29,76,90,97,119,24,71,206,396,230,467
2014,14568,Wayne,665,80,585,241,424,15,17,50,55,65,72,11,22,110,219,121,241
2014,14569,Wyoming,1775,448,1327,532,1243,77,101,140,203,217,304,74,147,402,858,476,1005
2014,14571,Orleans,281,50,231,87,194,1,1,22,28,23,29,3,4,50,116,53,120
2014,14572,Steuben,1312,218,1094,461,851,22,24,63,83,85,107,26,52,272,493,298,545
2014,14580,Monroe,6587,1333,5254,2018,4569,142,182,398,525,540,707,198,492,913,1711,1111,2203
2014,14585,Ontario,36,11,25,6,30,2,2,4,5,6,7,2,5,10,15,12,20
2014,14586,Monroe,1542,233,1309,527,1015,30,35,88,102,118,137,23,48,206,360,229,408
2014,14588,Seneca,60,3,57,2,58,1,1,6,8,7,9,0,0,9,21,9,21
2014,14589,Wayne,1610,224,1386,612,998,27,38,128,161,155,199,53,142,310,604,363,746
2014,14590,Wayne,1586,250,1336,579,1007,30,42,110,153,140,195,37,77,401,778,438,855
2014,14591,Wyoming,280,34,246,95,185,4,4,16,19,20,23,3,8,60,92,63,100
2014,14592,Livingston,42,1,41,18,24,0,0,2,2,2,2,0,0,5,5,5,5
2014,14602,Monroe,68,9,59,19,49,2,3,9,12,11,15,2,3,18,54,20,57
2014,14603,Monroe,297,80,217,53,244,10,12,16,20,26,32,25,51,76,202,101,253
2014,14604,Monroe,1847,614,1233,209,1638,121,182,236,427,357,609,188,738,531,2296,719,3034
2014,14605,Monroe,10189,1146,9043,3944,6245,185,258,867,1185,1052,1443,365,1360,3715,8452,4080,9812
2014,14606,Monroe,11956,1394,10562,4511,7445,206,325,897,1207,1103,1532,291,889,3494,7960,3785,8849
2014,14607,Monroe,4042,983,3059,636,3406,169,232,349,518,518,750,206,669,836,2014,1042,2683
2014,14608,Monroe,9487,1000,8487,3461,6026,153,211,889,1199,1042,1410,265,891,3117,7160,3382,8051
2014,14609,Monroe,19760,2336,17424,7560,12200,338,445,1540,2111,1878,2556,582,1565,6028,13059,6610,14624
2014,14610,Monroe,2032,573,1459,428,1604,84,109,109,144,193,253,105,298,294,602,399,900
2014,14611,Monroe,13659,1891,11768,5053,8606,358,520,1178,1657,1536,2177,482,1553,4348,10089,4830,11642
2014,14612,Monroe,6932,1335,5597,2120,4812,179,235,510,705,689,940,271,687,1381,2872,1652,3559
2014,14613,Monroe,10736,872,9864,4250,6486,140,190,873,1092,1013,1282,241,786,3465,7550,3706,8336
2014,14614,Monroe,367,48,319,37,330,5,5,35,59,40,64,10,42,101,232,111,274
2014,14615,Monroe,7060,633,6427,2767,4293,91,110,542,730,633,840,147,412,1987,4253,2134,4665
2014,14616,Monroe,7805,826,6979,2998,4807,92,119,589,773,681,892,175,455,1749,3519,1924,3974
2014,14617,Monroe,3714,551,3163,1140,2574,71,93,204,244,275,337,125,293,713,1274,838,1567
2014,14618,Monroe,2597,893,1704,567,2030,88,108,110,157,198,265,69,134,237,415,306,549
2014,14619,Monroe,7067,683,6384,2781,4286,119,176,570,765,689,941,159,370,2038,4375,2197,4745
2014,14620,Monroe,7530,2109,5421,1579,5951,392,548,526,800,918,1348,381,1076,1620,3801,2001,4877
2014,14621,Monroe,24535,3339,21196,9138,15397,519,710,2036,2818,2555,3528,956,3137,8721,19998,9677,23135
2014,14622,Monroe,2508,389,2119,791,1717,38,41,169,242,207,283,67,181,473,938,540,1119
2014,14623,Monroe,4254,690,3564,1245,3009,82,124,252,312,334,436,111,248,630,1162,741,1410
2014,14624,Monroe,6217,959,5258,2063,4154,137,200,398,505,535,705,179,414,1069,1823,1248,2237
2014,14625,Monroe,1212,230,982,332,880,29,40,72,88,101,128,36,73,172,267,208,340
2014,14626,Monroe,5628,966,4662,1804,3824,121,158,367,509,488,667,181,453,1096,2223,1277,2676
2014,14627,Monroe,25,2,23,5,20,0,0,1,1,1,1,1,1,2,4,3,5
2014,14642,Monroe,36,13,23,4,32,4,5,10,20,14,25,2,4,9,16,11,20
2014,14643,Monroe,1,0,1,0,1,0,0,0,0,0,0,0,0,1,2,1,2
2014,14645,Monroe,4,0,4,2,2,0,0,0,0,0,0,0,0,2,3,2,3
2014,14646,Monroe,5,0,5,2,3,0,0,0,0,0,0,0,0,1,1,1,1
2014,14647,Monroe,1,1,0,0,1,0,0,0,0,0,0,0,0,0,0,0,0
2014,14650,Monroe,1,1,0,0,1,0,0,0,0,0,0,0,0,0,0,0,0
2014,14651,Monroe,1,0,1,0,1,0,0,0,0,0,0,0,0,1,4,1,4
2014,14692,Monroe,261,169,92,29,232,21,27,11,24,32,51,35,61,27,47,62,108
2014,14694,Monroe,1,1,0,0,1,0,0,0,0,0,0,0,0,0,0,0,0
2014,14701,Chautauqua,17245,2855,14390,6005,11240,363,443,1479,2016,1842,2459,590,1158,5444,11424,6034,12582
2014,14702,Chautauqua,249,64,185,66,183,10,16,14,18,24,34,27,65,81,155,108,220
2014,14706,Cattaraugus,1217,237,980,415,802,27,33,85,104,112,137,42,70,295,566,337,636
2014,14707,Allegany,97,15,82,40,57,0,0,10,10,10,10,7,13,25,59,32,72
2014,14708,Allegany,37,3,34,12,25,2,3,3,4,5,7,2,39,13,21,15,60
2014,14709,Allegany,451,72,379,163,288,10,13,26,31,36,44,18,41,103,200,121,241
2014,14710,Chautauqua,731,131,600,217,514,7,10,57,76,64,86,18,74,154,272,172,346
2014,14711,Allegany,523,93,430,178,345,14,16,35,45,49,61,24,63,109,213,133,276
2014,14712,Chautauqua,585,107,478,184,401,7,9,34,39,41,48,15,26,111,182,126,208
2014,14714,Allegany,112,13,99,40,72,3,3,5,11,8,14,3,4,24,48,27,52
2014,14715,Allegany,995,137,858,376,619,18,18,64,95,82,113,50,102,301,595,351,697
2014,14716,Chautauqua,991,149,842,293,698,18,22,68,83,86,105,27,55,250,503,277,558
2014,14717,Allegany,169,33,136,41,128,3,5,11,12,14,17,4,8,39,58,43,66
2014,14718,Chautauqua,497,74,423,142,355,4,4,29,36,33,40,6,10,103,173,109,183
2014,14719,Cattaraugus,768,137,631,263,505,11,14,51,69,62,83,16,23,192,350,208,373
2014,14720,Chautauqua,318,55,263,104,214,3,3,26,33,29,36,7,9,78,144,85,153
2014,14721,Allegany,107,17,90,50,57,2,4,7,10,9,14,2,7,36,53,38,60
2014,14722,Chautauqua,34,7,27,6,28,0,0,2,3,2,3,0,0,6,13,6,13
2014,14723,Chautauqua,351,48,303,132,219,3,3,17,25,20,28,4,5,85,153,89,158
2014,14724,Chautauqua,466,62,404,176,290,3,7,34,37,37,44,6,8,80,128,86,136
2014,14726,Cattaraugus,271,42,229,103,168,6,6,16,17,22,23,9,12,67,105,76,117
2014,14727,Allegany,1341,247,1094,451,890,31,43,94,120,125,163,63,109,297,535,360,644
2014,14728,Chautauqua,196,32,164,57,139,3,3,8,10,11,13,5,7,37,56,42,63
2014,14729,Cattaraugus,169,25,144,44,125,3,3,13,14,16,17,4,5,33,56,37,61
2014,14730,Cattaraugus,27,4,23,10,17,1,1,2,2,3,3,0,0,3,4,3,4
2014,14731,Cattaraugus,199,43,156,49,150,5,5,10,13,15,18,4,10,36,50,40,60
2014,14732,Chautauqua,65,13,52,24,41,1,1,5,5,6,6,2,3,16,28,18,31
2014,14733,Chautauqua,1282,192,1090,490,792,20,29,106,132,126,161,23,35,361,669,384,704
2014,14735,Allegany,730,87,643,264,466,10,17,50,63,60,80,16,23,133,245,149,268
2014,14736,Chautauqua,92,18,74,26,66,1,1,3,4,4,5,1,2,15,24,16,26
2014,14737,Cattaraugus,1188,178,1010,441,747,16,17,91,103,107,120,34,71,328,575,362,646
2014,14738,Chautauqua,820,132,688,291,529,16,19,55,64,71,83,14,17,187,314,201,331
2014,14739,Allegany,1049,164,885,377,672,21,26,75,109,96,135,50,94,279,503,329,597
2014,14740,Chautauqua,274,65,209,80,194,5,7,16,27,21,34,7,28,49,87,56,115
2014,14741,Cattaraugus,399,75,324,130,269,5,6,27,39,32,45,12,16,83,150,95,166
2014,14742,Chautauqua,75,51,24,6,69,10,14,0,0,10,14,8,22,8,20,16,42
2014,14743,Cattaraugus,580,125,455,170,410,18,24,35,46,53,70,30,69,131,273,161,342
2014,14744,Allegany,225,62,163,63,162,16,17,9,11,25,28,13,19,33,43,46,62
2014,14745,Allegany,38,9,29,13,25,0,0,4,4,4,4,1,2,8,11,9,13
2014,14747,Chautauqua,593,96,497,207,386,5,8,40,58,45,66,16,33,144,278,160,311
2014,14748,Cattaraugus,272,33,239,108,164,4,4,18,29,22,33,8,12,78,137,86,149
2014,14750,Chautauqua,833,165,668,244,589,14,16,48,59,62,75,24,50,161,287,185,337
2014,14751,Cattaraugus,14,5,9,2,12,1,1,0,0,1,1,1,1,1,2,2,3
2014,14752,Chautauqua,48,13,35,12,36,2,4,1,2,3,6,1,2,9,12,10,14
2014,14753,Cattaraugus,311,66,245,102,209,4,4,18,25,22,29,7,9,65,113,72,122
2014,14754,Allegany,207,34,173,78,129,6,8,12,14,18,22,7,21,57,80,64,101
2014,14755,Cattaraugus,730,109,621,262,468,9,14,49,73,58,87,14,22,164,309,178,331
2014,14756,Chautauqua,13,2,11,3,10,0,0,4,6,4,6,1,2,3,5,4,7
2014,14757,Chautauqua,954,217,737,258,696,34,60,66,88,100,148,52,146,196,398,248,544
2014,14758,Chautauqua,2,0,2,1,1,0,0,0,0,0,0,0,0,0,0,0,0
2014,14760,Cattaraugus,6510,1316,5194,2047,4463,193,255,543,696,736,951,356,826,2005,4341,2361,5167
2014,14766,Cattaraugus,22,5,17,5,17,0,0,0,0,0,0,1,4,4,6,5,10
2014,14767,Chautauqua,503,83,420,193,310,4,4,33,52,37,56,8,10,86,144,94,154
2014,14769,Chautauqua,185,42,143,43,142,2,3,6,10,8,13,7,11,45,91,52,102
2014,14770,Cattaraugus,756,119,637,264,492,14,19,49,64,63,83,21,45,191,356,212,401
2014,14772,Cattaraugus,961,174,787,359,602,23,26,48,56,71,82,26,47,199,302,225,349
2014,14774,Allegany,126,14,112,47,79,2,2,6,7,8,9,4,5,48,82,52,87
2014,14775,Chautauqua,741,127,614,277,464,11,12,44,61,55,73,27,52,187,322,214,374
2014,14777,Allegany,190,25,165,74,116,1,1,12,13,13,14,4,5,40,66,44,71
2014,14778,Cattaraugus,34,27,7,1,33,0,0,0,0,0,0,0,0,1,2,1,2
2014,14779,Cattaraugus,2922,461,2461,1119,1803,66,88,239,318,305,406,93,183,802,1542,895,1725
2014,14781,Chautauqua,577,97,480,178,399,2,3,31,36,33,39,10,14,128,186,138,200
2014,14782,Chautauqua,729,110,619,280,449,8,10,45,65,53,75,11,19,161,249,172,268
2014,14783,Cattaraugus,180,30,150,61,119,1,1,16,25,17,26,4,4,42,74,46,78
2014,14784,Chautauqua,324,42,282,111,213,1,1,22,27,23,28,5,6,76,118,81,124
2014,14785,Chautauqua,32,5,27,12,20,1,1,1,1,2,2,0,0,7,15,7,15
2014,14786,Allegany,37,9,28,16,21,0,0,1,4,1,4,1,1,6,15,7,16
2014,14787,Chautauqua,1337,275,1062,409,928,20,20,76,98,96,118,73,151,317,615,390,766
2014,14788,Cattaraugus,110,21,89,23,87,0,0,20,39,20,39,2,4,41,92,43,96
2014,14801,Steuben,1645,229,1416,600,1045,21,30,118,152,139,182,46,76,385,693,431,769
2014,14802,Allegany,173,17,156,30,143,5,5,7,7,12,12,3,4,18,24,21,28
2014,14803,Allegany,234,23,211,81,153,3,3,12,13,15,16,4,4,51,80,55,84
2014,14804,Allegany,248,30,218,93,155,5,5,13,17,18,22,9,20,58,106,67,126
2014,14805,Schuyler,293,40,253,91,202,3,6,14,16,17,22,8,18,85,154,93,172
2014,14806,Allegany,598,83,515,225,373,8,11,39,44,47,55,19,38,140,218,159,256
2014,14807,Steuben,548,98,450,184,364,10,11,28,32,38,43,17,40,115,227,132,267
2014,14808,Steuben,240,25,215,102,138,3,3,14,15,17,18,3,5,62,112,65,117
2014,14809,Steuben,702,100,602,234,468,11,15,53,70,64,85,30,67,158,276,188,343
2014,14810,Steuben,4270,906,3364,1221,3049,110,158,298,400,408,558,241,630,1164,2469,1405,3099
2014,14812,Schuyler,973,111,862,372,601,11,14,66,84,77,98,28,66,260,424,288,490
2014,14813,Allegany,988,158,830,384,604,21,29,50,62,71,91,53,92,252,466,305,558
2014,14814,Chemung,233,36,197,87,146,7,13,10,11,17,24,7,25,36,54,43,79
2014,14815,Schuyler,257,38,219,75,182,6,9,18,32,24,41,9,39,57,126,66,165
2014,14816,Chemung,122,9,113,37,85,1,2,8,17,9,19,0,0,32,67,32,67
2014,14817,Tompkins,562,76,486,188,374,9,10,34,40,43,50,11,26,75,156,86,182
2014,14818,Schuyler,383,66,317,125,258,4,8,20,31,24,39,10,32,103,213,113,245
2014,14819,Steuben,287,43,244,97,190,4,6,27,36,31,42,8,13,95,201,103,214
2014,14820,Steuben,199,20,179,73,126,1,1,14,17,15,18,5,7,56,85,61,92
2014,14821,Steuben,890,111,779,315,575,10,10,74,81,84,91,20,39,207,406,227,445
2014,14822,Allegany,329,51,278,116,213,5,5,20,20,25,25,5,20,61,82,66,102
2014,14823,Steuben,1212,185,1027,451,761,11,14,91,109,102,123,48,96,338,602,386,698
2014,14824,Schuyler,203,35,168,70,133,10,19,12,13,22,32,12,45,50,109,62,154
2014,14825,Chemung,226,31,195,84,142,4,4,11,11,15,15,3,5,53,89,56,94
2014,14826,Steuben,571,85,486,212,359,8,11,30,39,38,50,15,37,140,332,155,369
2014,14827,Steuben,43,6,37,11,32,1,1,3,5,4,6,2,4,7,17,9,21
2014,14830,Steuben,4821,778,4043,1511,3310,115,141,397,535,512,676,196,487,1120,2329,1316,2816
2014,14831,Steuben,2,0,2,1,1,0,0,0,0,0,0,0,0,1,2,1,2
2014,14836,Livingston,191,38,153,58,133,3,3,8,11,11,14,8,18,46,98,54,116
2014,14837,Yates,1418,238,1180,511,907,25,29,81,112,106,141,54,111,404,793,458,904
2014,14838,Chemung,428,69,359,141,287,9,10,30,40,39,50,6,10,100,202,106,212
2014,14839,Steuben,153,18,135,66,87,2,3,6,7,8,10,6,13,31,46,37,59
2014,14840,Steuben,606,80,526,191,415,2,3,34,39,36,42,14,23,136,232,150,255
2014,14841,Schuyler,201,33,168,60,141,1,1,16,23,17,24,4,8,47,81,51,89
2014,14842,Yates,124,26,98,43,81,4,4,6,19,10,23,5,7,29,62,34,69
2014,14843,Steuben,4721,846,3875,1587,3134,117,148,336,424,453,572,247,726,1467,3115,1714,3841
2014,14845,Chemung,3689,904,2785,1112,2577,184,252,226,320,410,572,211,532,700,1405,911,1937
2014,14846,Livingston,178,27,151,65,113,2,2,12,19,14,21,4,4,24,37,28,41
2014,14847,Seneca,507,95,412,174,333,9,18,34,37,43,55,21,39,82,110,103,149
2014,14850,Tompkins,9432,1417,8015,2789,6643,192,267,604,800,796,1067,265,701,1489,2903,1754,3604
2014,14851,Tompkins,94,18,76,19,75,2,2,6,7,8,9,2,5,16,31,18,36
2014,14852,Tompkins,53,11,42,13,40,1,1,6,8,7,9,1,2,7,11,8,13
2014,14853,Tompkins,38,1,37,8,30,1,1,3,5,4,6,0,0,8,19,8,19
2014,14854,Tompkins,31,7,24,7,24,2,2,3,3,5,5,0,0,5,8,5,8
2014,14855,Steuben,212,25,187,81,131,2,2,23,23,25,25,5,9,46,69,51,78
2014,14856,Steuben,32,10,22,8,24,1,2,5,5,6,7,3,4,5,11,8,15
2014,14857,Yates,41,6,35,10,31,0,0,6,6,6,6,0,0,16,36,16,36
2014,14858,Steuben,335,45,290,111,224,5,9,45,60,50,69,10,27,70,110,80,137
2014,14859,Tioga,341,54,287,116,225,5,5,26,37,31,42,2,2,71,137,73,139
2014,14860,Seneca,219,38,181,66,153,6,6,15,19,21,25,9,12,44,67,53,79
2014,14861,Chemung,429,81,348,164,265,6,7,30,37,36,44,6,27,130,244,136,271
2014,14863,Schuyler,25,9,16,5,20,3,3,2,2,5,5,1,3,2,4,3,7
2014,14864,Chemung,453,82,371,148,305,7,10,46,56,53,66,15,39,109,239,124,278
2014,14865,Schuyler,1002,287,715,266,736,57,84,78,101,135,185,114,357,274,627,388,984
2014,14867,Tompkins,1526,214,1312,557,969,16,23,100,114,116,137,34,104,307,534,341,638
2014,14869,Schuyler,385,64,321,130,255,4,4,27,36,31,40,13,31,114,227,127,258
2014,14870,Steuben,1775,359,1416,567,1208,58,73,117,170,175,243,60,126,392,749,452,875
2014,14871,Chemung,750,117,633,174,576,15,20,26,40,41,60,24,65,98,206,122,271
2014,14872,Chemung,208,37,171,70,138,3,5,17,20,20,25,7,19,63,143,70,162
2014,14873,Steuben,664,92,572,229,435,9,9,48,61,57,70,17,34,148,241,165,275
2014,14874,Steuben,59,13,46,20,39,2,2,5,5,7,7,1,1,14,19,15,20
2014,14876,Schuyler,38,9,29,15,23,0,0,0,0,0,0,0,0,7,13,7,13
2014,14877,Steuben,129,29,100,43,86,5,7,7,11,12,18,6,11,30,57,36,68
2014,14878,Schuyler,144,22,122,46,98,1,2,6,10,7,12,3,10,40,111,43,121
2014,14879,Steuben,621,90,531,225,396,5,7,67,90,72,97,17,48,171,427,188,475
2014,14880,Allegany,477,81,396,139,338,11,15,36,48,47,63,23,48,131,210,154,258
2014,14881,Tompkins,96,24,72,26,70,0,0,2,2,2,2,5,8,5,6,10,14
2014,14882,Tompkins,544,61,483,207,337,7,7,36,46,43,53,3,7,66,119,69,126
2014,14883,Tioga,1039,141,898,368,671,10,14,67,97,77,111,14,31,180,301,194,332
2014,14884,Allegany,95,15,80,30,65,3,3,5,5,8,8,3,9,24,36,27,45
2014,14885,Steuben,247,35,212,108,139,2,3,16,24,18,27,4,4,55,80,59,84
2014,14886,Tompkins,1215,155,1060,352,863,18,26,89,148,107,174,25,38,245,468,270,506
2014,14887,Schuyler,21,9,12,0,21,1,1,1,1,2,2,2,3,4,14,6,17
2014,14889,Chemung,445,63,382,179,266,11,12,30,35,41,47,8,18,97,181,105,199
2014,14891,Schuyler,1146,214,932,318,828,16,21,77,97,93,118,52,125,316,625,368,750
2014,14892,Tioga,2571,529,2042,893,1678,70,91,194,241,264,332,20,34,543,1024,563,1058
2014,14893,Schuyler,50,7,43,17,33,1,1,0,0,1,1,0,0,15,34,15,34
2014,14894,Chemung,462,76,386,159,303,6,8,32,48,38,56,13,21,132,218,145,239
2014,14895,Allegany,2920,627,2293,817,2103,107,130,232,330,339,460,182,455,892,1919,1074,2374
2014,14897,Allegany,254,36,218,93,161,5,8,18,18,23,26,11,18,55,103,66,121
2014,14898,Steuben,379,51,328,133,246,5,5,30,36,35,41,5,9,83,161,88,170
2014,14901,Chemung,8688,1502,7186,2711,5977,234,331,743,1038,977,1369,473,1361,2763,6554,3236,7915
2014,14902,Chemung,528,146,382,128,400,28,37,27,64,55,101,55,166,97,283,152,449
2014,14903,Chemung,1900,343,1557,619,1281,44,54,155,218,199,272,89,247,520,1032,609,1279
2014,14904,Chemung,6993,995,5998,2529,4464,159,223,622,831,781,1054,312,871,2219,4951,2531,5822
2014,14905,Chemung,1961,287,1674,681,1280,43,56,143,201,186,257,64,171,582,1322,646,1493
2014,14925,Chemung,1,1,0,0,1,0,0,0,0,0,0,1,4,0,0,1,4
